[1]	3916
[2]	4208
[3]	3656
[6]	3152
[10]	3244
[23]	3376
[24]	4748
[28]	3528
[34]	7914
[36]	6812
[39]	5612
[52]	3516
[53]	4608
[56]	3776
[59]	5176
[63]	4936
[67]	4464
[76]	4384
[85]	8124
[86]	7924
[90]	7488
[93]	3968
[110]	4040
[116]	3148
[1, 24]	3292
[1, 34]	3898
[1, 36]	3804
[1, 85]	3916
[1, 86]	3908
[1, 90]	3808
[2, 28]	3408
[2, 34]	4016
[2, 36]	3008
[2, 39]	3920
[2, 59]	3640
[2, 63]	3400
[2, 85]	4208
[2, 86]	4016
[2, 90]	3680
[2, 93]	3152
[3, 34]	3602
[3, 36]	3016
[3, 85]	3656
[3, 86]	3608
[3, 90]	3464
[6, 34]	3098
[6, 85]	3152
[6, 86]	3102
[6, 90]	3020
[10, 34]	3226
[10, 36]	3208
[10, 85]	3244
[10, 86]	3236
[10, 90]	3052
[23, 34]	3376
[23, 36]	3272
[23, 39]	3016
[23, 59]	3232
[23, 63]	3040
[23, 85]	3376
[23, 86]	3376
[23, 90]	3080
[23, 93]	3184
[24, 34]	4538
[24, 36]	3540
[24, 85]	4748
[24, 86]	4548
[24, 90]	4408
[28, 34]	3336
[28, 39]	3288
[28, 85]	3528
[28, 86]	3328
[34, 36]	6602
[34, 39]	5402
[34, 52]	3306
[34, 53]	4608
[34, 56]	3776
[34, 59]	4984
[34, 63]	4744
[34, 67]	4464
[34, 76]	4384
[34, 85]	7914
[34, 86]	7906
[34, 90]	7296
[34, 93]	3776
[36, 39]	4556
[36, 52]	3068
[36, 53]	3744
[36, 56]	3528
[36, 59]	4424
[36, 63]	4184
[36, 67]	3160
[36, 76]	3128
[36, 85]	6812
[36, 86]	6620
[36, 90]	6464
[36, 93]	3480
[39, 56]	3432
[39, 59]	3592
[39, 63]	3400
[39, 85]	5612
[39, 86]	5420
[39, 90]	4976
[39, 93]	3320
[52, 85]	3516
[52, 86]	3316
[53, 59]	3216
[53, 63]	3216
[53, 85]	4608
[53, 86]	4608
[53, 90]	4608
[56, 85]	3776
[56, 86]	3776
[56, 90]	3656
[59, 63]	4156
[59, 67]	3304
[59, 76]	3280
[59, 85]	5176
[59, 86]	4984
[59, 90]	4736
[59, 93]	3664
[63, 67]	3064
[63, 76]	3040
[63, 85]	4936
[63, 86]	4744
[63, 90]	4496
[63, 93]	3472
[67, 76]	3520
[67, 85]	4464
[67, 86]	4464
[67, 90]	3976
[76, 85]	4384
[76, 86]	4384
[76, 90]	3896
[85, 86]	7924
[85, 90]	7488
[85, 93]	3968
[86, 90]	7288
[86, 93]	3776
[90, 93]	3560
[34, 110]	3944
[34, 116]	3130
[36, 110]	3848
[85, 110]	4040
[85, 116]	3148
[86, 110]	3944
[86, 116]	3148
[90, 110]	3952
[90, 116]	3104
[1, 24, 34]	3274
[1, 24, 36]	3188
[1, 24, 85]	3292
[1, 24, 86]	3284
[1, 24, 90]	3256
[1, 34, 36]	3786
[1, 34, 85]	3898
[1, 34, 86]	3890
[1, 34, 90]	3808
[1, 36, 85]	3804
[1, 36, 86]	3804
[1, 36, 90]	3696
[1, 85, 86]	3908
[1, 85, 90]	3808
[1, 86, 90]	3800
[2, 28, 34]	3216
[2, 28, 39]	3216
[2, 28, 85]	3408
[2, 28, 86]	3216
[2, 34, 39]	3728
[2, 34, 59]	3448
[2, 34, 63]	3208
[2, 34, 85]	4016
[2, 34, 86]	4016
[2, 34, 90]	3488
[2, 36, 85]	3008
[2, 39, 59]	3376
[2, 39, 63]	3184
[2, 39, 85]	3920
[2, 39, 86]	3728
[2, 39, 90]	3392
[2, 59, 63]	3124
[2, 59, 85]	3640
[2, 59, 86]	3448
[2, 59, 90]	3272
[2, 63, 85]	3400
[2, 63, 86]	3208
[2, 63, 90]	3032
[2, 85, 86]	4016
[2, 85, 90]	3680
[2, 85, 93]	3152
[2, 86, 90]	3488
[3, 34, 85]	3602
[3, 34, 86]	3602
[3, 34, 90]	3416
[3, 36, 85]	3016
[3, 85, 86]	3608
[3, 85, 90]	3464
[3, 86, 90]	3416
[6, 34, 85]	3098
[6, 34, 86]	3096
[6, 85, 86]	3102
[6, 85, 90]	3020
[10, 34, 36]	3190
[10, 34, 85]	3226
[10, 34, 86]	3218
[10, 34, 90]	3052
[10, 36, 85]	3208
[10, 36, 86]	3208
[10, 36, 90]	3016
[10, 85, 86]	3236
[10, 85, 90]	3052
[10, 86, 90]	3044
[23, 34, 36]	3272
[23, 34, 39]	3016
[23, 34, 59]	3232
[23, 34, 63]	3040
[23, 34, 85]	3376
[23, 34, 86]	3376
[23, 34, 90]	3080
[23, 34, 93]	3184
[23, 36, 39]	3016
[23, 36, 59]	3128
[23, 36, 85]	3272
[23, 36, 86]	3272
[23, 36, 93]	3080
[23, 39, 85]	3016
[23, 39, 86]	3016
[23, 59, 85]	3232
[23, 59, 86]	3232
[23, 59, 93]	3040
[23, 63, 85]	3040
[23, 63, 86]	3040
[23, 85, 86]	3376
[23, 85, 90]	3080
[23, 85, 93]	3184
[23, 86, 90]	3080
[23, 86, 93]	3184
[23, 90, 93]	3080
[24, 34, 36]	3330
[24, 34, 85]	4538
[24, 34, 86]	4530
[24, 34, 90]	4216
[24, 36, 85]	3540
[24, 36, 86]	3348
[24, 36, 90]	3488
[24, 85, 86]	4548
[24, 85, 90]	4408
[24, 86, 90]	4208
[28, 34, 39]	3096
[28, 34, 85]	3336
[28, 34, 86]	3328
[28, 39, 85]	3288
[28, 39, 86]	3096
[28, 85, 86]	3328
[34, 36, 39]	4346
[34, 36, 53]	3744
[34, 36, 56]	3528
[34, 36, 59]	4232
[34, 36, 63]	3992
[34, 36, 67]	3160
[34, 36, 76]	3128
[34, 36, 85]	6602
[34, 36, 86]	6602
[34, 36, 90]	6272
[34, 36, 93]	3288
[34, 39, 56]	3432
[34, 39, 59]	3400
[34, 39, 63]	3208
[34, 39, 85]	5402
[34, 39, 86]	5402
[34, 39, 90]	4784
[34, 39, 93]	3128
[34, 52, 85]	3306
[34, 52, 86]	3298
[34, 53, 59]	3216
[34, 53, 63]	3216
[34, 53, 85]	4608
[34, 53, 86]	4608
[34, 53, 90]	4608
[34, 56, 85]	3776
[34, 56, 86]	3776
[34, 56, 90]	3656
[34, 59, 63]	3964
[34, 59, 67]	3304
[34, 59, 76]	3280
[34, 59, 85]	4984
[34, 59, 86]	4984
[34, 59, 90]	4544
[34, 59, 93]	3472
[34, 63, 67]	3064
[34, 63, 76]	3040
[34, 63, 85]	4744
[34, 63, 86]	4744
[34, 63, 90]	4304
[34, 63, 93]	3280
[34, 67, 76]	3520
[34, 67, 85]	4464
[34, 67, 86]	4464
[34, 67, 90]	3976
[34, 76, 85]	4384
[34, 76, 86]	4384
[34, 76, 90]	3896
[34, 85, 86]	7906
[34, 85, 90]	7296
[34, 85, 93]	3776
[34, 86, 90]	7288
[34, 86, 93]	3776
[34, 90, 93]	3368
[36, 39, 56]	3432
[36, 39, 59]	3064
[36, 39, 85]	4556
[36, 39, 86]	4364
[36, 39, 90]	4208
[36, 39, 93]	3032
[36, 52, 85]	3068
[36, 53, 85]	3744
[36, 53, 86]	3744
[36, 53, 90]	3744
[36, 56, 85]	3528
[36, 56, 86]	3528
[36, 56, 90]	3408
[36, 59, 63]	3680
[36, 59, 85]	4424
[36, 59, 86]	4232
[36, 59, 90]	4128
[36, 59, 93]	3320
[36, 63, 85]	4184
[36, 63, 86]	3992
[36, 63, 90]	3888
[36, 63, 93]	3128
[36, 67, 85]	3160
[36, 67, 86]	3160
[36, 76, 85]	3128
[36, 76, 86]	3128
[36, 85, 86]	6620
[36, 85, 90]	6464
[36, 85, 93]	3480
[36, 86, 90]	6272
[36, 86, 93]	3288
[36, 90, 93]	3360
[39, 56, 85]	3432
[39, 56, 86]	3432
[39, 56, 90]	3312
[39, 59, 63]	3064
[39, 59, 85]	3592
[39, 59, 86]	3400
[39, 59, 90]	3152
[39, 59, 93]	3016
[39, 63, 85]	3400
[39, 63, 86]	3208
[39, 85, 86]	5420
[39, 85, 90]	4976
[39, 85, 93]	3320
[39, 86, 90]	4784
[39, 86, 93]	3128
[52, 85, 86]	3316
[53, 59, 85]	3216
[53, 59, 86]	3216
[53, 59, 90]	3216
[53, 63, 85]	3216
[53, 63, 86]	3216
[53, 63, 90]	3216
[53, 85, 86]	4608
[53, 85, 90]	4608
[53, 86, 90]	4608
[56, 85, 86]	3776
[56, 85, 90]	3656
[56, 86, 90]	3656
[59, 63, 85]	4156
[59, 63, 86]	3964
[59, 63, 90]	3788
[59, 63, 93]	3328
[59, 67, 85]	3304
[59, 67, 86]	3304
[59, 76, 85]	3280
[59, 76, 86]	3280
[59, 85, 86]	4984
[59, 85, 90]	4736
[59, 85, 93]	3664
[59, 86, 90]	4544
[59, 86, 93]	3472
[59, 90, 93]	3416
[63, 67, 85]	3064
[63, 67, 86]	3064
[63, 76, 85]	3040
[63, 76, 86]	3040
[63, 85, 86]	4744
[63, 85, 90]	4496
[63, 85, 93]	3472
[63, 86, 90]	4304
[63, 86, 93]	3280
[63, 90, 93]	3224
[67, 76, 85]	3520
[67, 76, 86]	3520
[67, 76, 90]	3080
[67, 85, 86]	4464
[67, 85, 90]	3976
[67, 86, 90]	3976
[76, 85, 86]	4384
[76, 85, 90]	3896
[76, 86, 90]	3896
[85, 86, 90]	7288
[85, 86, 93]	3776
[85, 90, 93]	3560
[86, 90, 93]	3368
[34, 36, 110]	3752
[34, 85, 110]	3944
[34, 85, 116]	3130
[34, 86, 110]	3944
[34, 86, 116]	3130
[34, 90, 110]	3856
[34, 90, 116]	3104
[36, 85, 110]	3848
[36, 86, 110]	3752
[36, 90, 110]	3760
[85, 86, 110]	3944
[85, 86, 116]	3148
[85, 90, 110]	3952
[85, 90, 116]	3104
[86, 90, 110]	3856
[86, 90, 116]	3104
[1, 24, 34, 36]	3170
[1, 24, 34, 85]	3274
[1, 24, 34, 86]	3266
[1, 24, 34, 90]	3256
[1, 24, 36, 85]	3188
[1, 24, 36, 86]	3188
[1, 24, 36, 90]	3152
[1, 24, 85, 86]	3284
[1, 24, 85, 90]	3256
[1, 24, 86, 90]	3248
[1, 34, 36, 85]	3786
[1, 34, 36, 86]	3786
[1, 34, 36, 90]	3696
[1, 34, 85, 86]	3890
[1, 34, 85, 90]	3808
[1, 34, 86, 90]	3800
[1, 36, 85, 86]	3804
[1, 36, 85, 90]	3696
[1, 36, 86, 90]	3696
[1, 85, 86, 90]	3800
[2, 28, 34, 39]	3024
[2, 28, 34, 85]	3216
[2, 28, 34, 86]	3216
[2, 28, 39, 85]	3216
[2, 28, 39, 86]	3024
[2, 28, 85, 86]	3216
[2, 34, 39, 59]	3184
[2, 34, 39, 85]	3728
[2, 34, 39, 86]	3728
[2, 34, 39, 90]	3200
[2, 34, 59, 85]	3448
[2, 34, 59, 86]	3448
[2, 34, 59, 90]	3080
[2, 34, 63, 85]	3208
[2, 34, 63, 86]	3208
[2, 34, 85, 86]	4016
[2, 34, 85, 90]	3488
[2, 34, 86, 90]	3488
[2, 39, 59, 85]	3376
[2, 39, 59, 86]	3184
[2, 39, 59, 90]	3008
[2, 39, 63, 85]	3184
[2, 39, 85, 86]	3728
[2, 39, 85, 90]	3392
[2, 39, 86, 90]	3200
[2, 59, 63, 85]	3124
[2, 59, 85, 86]	3448
[2, 59, 85, 90]	3272
[2, 59, 86, 90]	3080
[2, 63, 85, 86]	3208
[2, 63, 85, 90]	3032
[2, 85, 86, 90]	3488
[3, 34, 85, 86]	3602
[3, 34, 85, 90]	3416
[3, 34, 86, 90]	3416
[3, 85, 86, 90]	3416
[6, 34, 85, 86]	3096
[10, 34, 36, 85]	3190
[10, 34, 36, 86]	3190
[10, 34, 36, 90]	3016
[10, 34, 85, 86]	3218
[10, 34, 85, 90]	3052
[10, 34, 86, 90]	3044
[10, 36, 85, 86]	3208
[10, 36, 85, 90]	3016
[10, 36, 86, 90]	3016
[10, 85, 86, 90]	3044
[23, 34, 36, 39]	3016
[23, 34, 36, 59]	3128
[23, 34, 36, 85]	3272
[23, 34, 36, 86]	3272
[23, 34, 36, 93]	3080
[23, 34, 39, 85]	3016
[23, 34, 39, 86]	3016
[23, 34, 59, 85]	3232
[23, 34, 59, 86]	3232
[23, 34, 59, 93]	3040
[23, 34, 63, 85]	3040
[23, 34, 63, 86]	3040
[23, 34, 85, 86]	3376
[23, 34, 85, 90]	3080
[23, 34, 85, 93]	3184
[23, 34, 86, 90]	3080
[23, 34, 86, 93]	3184
[23, 34, 90, 93]	3080
[23, 36, 39, 85]	3016
[23, 36, 39, 86]	3016
[23, 36, 59, 85]	3128
[23, 36, 59, 86]	3128
[23, 36, 85, 86]	3272
[23, 36, 85, 93]	3080
[23, 36, 86, 93]	3080
[23, 39, 85, 86]	3016
[23, 59, 85, 86]	3232
[23, 59, 85, 93]	3040
[23, 59, 86, 93]	3040
[23, 63, 85, 86]	3040
[23, 85, 86, 90]	3080
[23, 85, 86, 93]	3184
[23, 85, 90, 93]	3080
[23, 86, 90, 93]	3080
[24, 34, 36, 85]	3330
[24, 34, 36, 86]	3330
[24, 34, 36, 90]	3296
[24, 34, 85, 86]	4530
[24, 34, 85, 90]	4216
[24, 34, 86, 90]	4208
[24, 36, 85, 86]	3348
[24, 36, 85, 90]	3488
[24, 36, 86, 90]	3296
[24, 85, 86, 90]	4208
[28, 34, 39, 85]	3096
[28, 34, 39, 86]	3096
[28, 34, 85, 86]	3328
[28, 39, 85, 86]	3096
[34, 36, 39, 56]	3432
[34, 36, 39, 85]	4346
[34, 36, 39, 86]	4346
[34, 36, 39, 90]	4016
[34, 36, 53, 85]	3744
[34, 36, 53, 86]	3744
[34, 36, 53, 90]	3744
[34, 36, 56, 85]	3528
[34, 36, 56, 86]	3528
[34, 36, 56, 90]	3408
[34, 36, 59, 63]	3488
[34, 36, 59, 85]	4232
[34, 36, 59, 86]	4232
[34, 36, 59, 90]	3936
[34, 36, 59, 93]	3128
[34, 36, 63, 85]	3992
[34, 36, 63, 86]	3992
[34, 36, 63, 90]	3696
[34, 36, 67, 85]	3160
[34, 36, 67, 86]	3160
[34, 36, 76, 85]	3128
[34, 36, 76, 86]	3128
[34, 36, 85, 86]	6602
[34, 36, 85, 90]	6272
[34, 36, 85, 93]	3288
[34, 36, 86, 90]	6272
[34, 36, 86, 93]	3288
[34, 36, 90, 93]	3168
[34, 39, 56, 85]	3432
[34, 39, 56, 86]	3432
[34, 39, 56, 90]	3312
[34, 39, 59, 85]	3400
[34, 39, 59, 86]	3400
[34, 39, 63, 85]	3208
[34, 39, 63, 86]	3208
[34, 39, 85, 86]	5402
[34, 39, 85, 90]	4784
[34, 39, 85, 93]	3128
[34, 39, 86, 90]	4784
[34, 39, 86, 93]	3128
[34, 52, 85, 86]	3298
[34, 53, 59, 85]	3216
[34, 53, 59, 86]	3216
[34, 53, 59, 90]	3216
[34, 53, 63, 85]	3216
[34, 53, 63, 86]	3216
[34, 53, 63, 90]	3216
[34, 53, 85, 86]	4608
[34, 53, 85, 90]	4608
[34, 53, 86, 90]	4608
[34, 56, 85, 86]	3776
[34, 56, 85, 90]	3656
[34, 56, 86, 90]	3656
[34, 59, 63, 85]	3964
[34, 59, 63, 86]	3964
[34, 59, 63, 90]	3596
[34, 59, 63, 93]	3136
[34, 59, 67, 85]	3304
[34, 59, 67, 86]	3304
[34, 59, 76, 85]	3280
[34, 59, 76, 86]	3280
[34, 59, 85, 86]	4984
[34, 59, 85, 90]	4544
[34, 59, 85, 93]	3472
[34, 59, 86, 90]	4544
[34, 59, 86, 93]	3472
[34, 59, 90, 93]	3224
[34, 63, 67, 85]	3064
[34, 63, 67, 86]	3064
[34, 63, 76, 85]	3040
[34, 63, 76, 86]	3040
[34, 63, 85, 86]	4744
[34, 63, 85, 90]	4304
[34, 63, 85, 93]	3280
[34, 63, 86, 90]	4304
[34, 63, 86, 93]	3280
[34, 63, 90, 93]	3032
[34, 67, 76, 85]	3520
[34, 67, 76, 86]	3520
[34, 67, 76, 90]	3080
[34, 67, 85, 86]	4464
[34, 67, 85, 90]	3976
[34, 67, 86, 90]	3976
[34, 76, 85, 86]	4384
[34, 76, 85, 90]	3896
[34, 76, 86, 90]	3896
[34, 85, 86, 90]	7288
[34, 85, 86, 93]	3776
[34, 85, 90, 93]	3368
[34, 86, 90, 93]	3368
[36, 39, 56, 85]	3432
[36, 39, 56, 86]	3432
[36, 39, 56, 90]	3312
[36, 39, 59, 85]	3064
[36, 39, 85, 86]	4364
[36, 39, 85, 90]	4208
[36, 39, 85, 93]	3032
[36, 39, 86, 90]	4016
[36, 53, 85, 86]	3744
[36, 53, 85, 90]	3744
[36, 53, 86, 90]	3744
[36, 56, 85, 86]	3528
[36, 56, 85, 90]	3408
[36, 56, 86, 90]	3408
[36, 59, 63, 85]	3680
[36, 59, 63, 86]	3488
[36, 59, 63, 90]	3384
[36, 59, 63, 93]	3056
[36, 59, 85, 86]	4232
[36, 59, 85, 90]	4128
[36, 59, 85, 93]	3320
[36, 59, 86, 90]	3936
[36, 59, 86, 93]	3128
[36, 59, 90, 93]	3216
[36, 63, 85, 86]	3992
[36, 63, 85, 90]	3888
[36, 63, 85, 93]	3128
[36, 63, 86, 90]	3696
[36, 63, 90, 93]	3024
[36, 67, 85, 86]	3160
[36, 76, 85, 86]	3128
[36, 85, 86, 90]	6272
[36, 85, 86, 93]	3288
[36, 85, 90, 93]	3360
[36, 86, 90, 93]	3168
[39, 56, 85, 86]	3432
[39, 56, 85, 90]	3312
[39, 56, 86, 90]	3312
[39, 59, 63, 85]	3064
[39, 59, 85, 86]	3400
[39, 59, 85, 90]	3152
[39, 59, 85, 93]	3016
[39, 63, 85, 86]	3208
[39, 85, 86, 90]	4784
[39, 85, 86, 93]	3128
[53, 59, 85, 86]	3216
[53, 59, 85, 90]	3216
[53, 59, 86, 90]	3216
[53, 63, 85, 86]	3216
[53, 63, 85, 90]	3216
[53, 63, 86, 90]	3216
[53, 85, 86, 90]	4608
[56, 85, 86, 90]	3656
[59, 63, 85, 86]	3964
[59, 63, 85, 90]	3788
[59, 63, 85, 93]	3328
[59, 63, 86, 90]	3596
[59, 63, 86, 93]	3136
[59, 63, 90, 93]	3152
[59, 67, 85, 86]	3304
[59, 76, 85, 86]	3280
[59, 85, 86, 90]	4544
[59, 85, 86, 93]	3472
[59, 85, 90, 93]	3416
[59, 86, 90, 93]	3224
[63, 67, 85, 86]	3064
[63, 76, 85, 86]	3040
[63, 85, 86, 90]	4304
[63, 85, 86, 93]	3280
[63, 85, 90, 93]	3224
[63, 86, 90, 93]	3032
[67, 76, 85, 86]	3520
[67, 76, 85, 90]	3080
[67, 76, 86, 90]	3080
[67, 85, 86, 90]	3976
[76, 85, 86, 90]	3896
[85, 86, 90, 93]	3368
[34, 36, 85, 110]	3752
[34, 36, 86, 110]	3752
[34, 36, 90, 110]	3664
[34, 85, 86, 110]	3944
[34, 85, 86, 116]	3130
[34, 85, 90, 110]	3856
[34, 85, 90, 116]	3104
[34, 86, 90, 110]	3856
[34, 86, 90, 116]	3104
[36, 85, 86, 110]	3752
[36, 85, 90, 110]	3760
[36, 86, 90, 110]	3664
[85, 86, 90, 110]	3856
[85, 86, 90, 116]	3104
[1, 24, 34, 36, 85]	3170
[1, 24, 34, 36, 86]	3170
[1, 24, 34, 36, 90]	3152
[1, 24, 34, 85, 86]	3266
[1, 24, 34, 85, 90]	3256
[1, 24, 34, 86, 90]	3248
[1, 24, 36, 85, 86]	3188
[1, 24, 36, 85, 90]	3152
[1, 24, 36, 86, 90]	3152
[1, 24, 85, 86, 90]	3248
[1, 34, 36, 85, 86]	3786
[1, 34, 36, 85, 90]	3696
[1, 34, 36, 86, 90]	3696
[1, 34, 85, 86, 90]	3800
[1, 36, 85, 86, 90]	3696
[2, 28, 34, 39, 85]	3024
[2, 28, 34, 39, 86]	3024
[2, 28, 34, 85, 86]	3216
[2, 28, 39, 85, 86]	3024
[2, 34, 39, 59, 85]	3184
[2, 34, 39, 59, 86]	3184
[2, 34, 39, 85, 86]	3728
[2, 34, 39, 85, 90]	3200
[2, 34, 39, 86, 90]	3200
[2, 34, 59, 85, 86]	3448
[2, 34, 59, 85, 90]	3080
[2, 34, 59, 86, 90]	3080
[2, 34, 63, 85, 86]	3208
[2, 34, 85, 86, 90]	3488
[2, 39, 59, 85, 86]	3184
[2, 39, 59, 85, 90]	3008
[2, 39, 85, 86, 90]	3200
[2, 59, 85, 86, 90]	3080
[3, 34, 85, 86, 90]	3416
[10, 34, 36, 85, 86]	3190
[10, 34, 36, 85, 90]	3016
[10, 34, 36, 86, 90]	3016
[10, 34, 85, 86, 90]	3044
[10, 36, 85, 86, 90]	3016
[23, 34, 36, 39, 85]	3016
[23, 34, 36, 39, 86]	3016
[23, 34, 36, 59, 85]	3128
[23, 34, 36, 59, 86]	3128
[23, 34, 36, 85, 86]	3272
[23, 34, 36, 85, 93]	3080
[23, 34, 36, 86, 93]	3080
[23, 34, 39, 85, 86]	3016
[23, 34, 59, 85, 86]	3232
[23, 34, 59, 85, 93]	3040
[23, 34, 59, 86, 93]	3040
[23, 34, 63, 85, 86]	3040
[23, 34, 85, 86, 90]	3080
[23, 34, 85, 86, 93]	3184
[23, 34, 85, 90, 93]	3080
[23, 34, 86, 90, 93]	3080
[23, 36, 39, 85, 86]	3016
[23, 36, 59, 85, 86]	3128
[23, 36, 85, 86, 93]	3080
[23, 59, 85, 86, 93]	3040
[23, 85, 86, 90, 93]	3080
[24, 34, 36, 85, 86]	3330
[24, 34, 36, 85, 90]	3296
[24, 34, 36, 86, 90]	3296
[24, 34, 85, 86, 90]	4208
[24, 36, 85, 86, 90]	3296
[28, 34, 39, 85, 86]	3096
[34, 36, 39, 56, 85]	3432
[34, 36, 39, 56, 86]	3432
[34, 36, 39, 56, 90]	3312
[34, 36, 39, 85, 86]	4346
[34, 36, 39, 85, 90]	4016
[34, 36, 39, 86, 90]	4016
[34, 36, 53, 85, 86]	3744
[34, 36, 53, 85, 90]	3744
[34, 36, 53, 86, 90]	3744
[34, 36, 56, 85, 86]	3528
[34, 36, 56, 85, 90]	3408
[34, 36, 56, 86, 90]	3408
[34, 36, 59, 63, 85]	3488
[34, 36, 59, 63, 86]	3488
[34, 36, 59, 63, 90]	3192
[34, 36, 59, 85, 86]	4232
[34, 36, 59, 85, 90]	3936
[34, 36, 59, 85, 93]	3128
[34, 36, 59, 86, 90]	3936
[34, 36, 59, 86, 93]	3128
[34, 36, 59, 90, 93]	3024
[34, 36, 63, 85, 86]	3992
[34, 36, 63, 85, 90]	3696
[34, 36, 63, 86, 90]	3696
[34, 36, 67, 85, 86]	3160
[34, 36, 76, 85, 86]	3128
[34, 36, 85, 86, 90]	6272
[34, 36, 85, 86, 93]	3288
[34, 36, 85, 90, 93]	3168
[34, 36, 86, 90, 93]	3168
[34, 39, 56, 85, 86]	3432
[34, 39, 56, 85, 90]	3312
[34, 39, 56, 86, 90]	3312
[34, 39, 59, 85, 86]	3400
[34, 39, 63, 85, 86]	3208
[34, 39, 85, 86, 90]	4784
[34, 39, 85, 86, 93]	3128
[34, 53, 59, 85, 86]	3216
[34, 53, 59, 85, 90]	3216
[34, 53, 59, 86, 90]	3216
[34, 53, 63, 85, 86]	3216
[34, 53, 63, 85, 90]	3216
[34, 53, 63, 86, 90]	3216
[34, 53, 85, 86, 90]	4608
[34, 56, 85, 86, 90]	3656
[34, 59, 63, 85, 86]	3964
[34, 59, 63, 85, 90]	3596
[34, 59, 63, 85, 93]	3136
[34, 59, 63, 86, 90]	3596
[34, 59, 63, 86, 93]	3136
[34, 59, 67, 85, 86]	3304
[34, 59, 76, 85, 86]	3280
[34, 59, 85, 86, 90]	4544
[34, 59, 85, 86, 93]	3472
[34, 59, 85, 90, 93]	3224
[34, 59, 86, 90, 93]	3224
[34, 63, 67, 85, 86]	3064
[34, 63, 76, 85, 86]	3040
[34, 63, 85, 86, 90]	4304
[34, 63, 85, 86, 93]	3280
[34, 63, 85, 90, 93]	3032
[34, 63, 86, 90, 93]	3032
[34, 67, 76, 85, 86]	3520
[34, 67, 76, 85, 90]	3080
[34, 67, 76, 86, 90]	3080
[34, 67, 85, 86, 90]	3976
[34, 76, 85, 86, 90]	3896
[34, 85, 86, 90, 93]	3368
[36, 39, 56, 85, 86]	3432
[36, 39, 56, 85, 90]	3312
[36, 39, 56, 86, 90]	3312
[36, 39, 85, 86, 90]	4016
[36, 53, 85, 86, 90]	3744
[36, 56, 85, 86, 90]	3408
[36, 59, 63, 85, 86]	3488
[36, 59, 63, 85, 90]	3384
[36, 59, 63, 85, 93]	3056
[36, 59, 63, 86, 90]	3192
[36, 59, 85, 86, 90]	3936
[36, 59, 85, 86, 93]	3128
[36, 59, 85, 90, 93]	3216
[36, 59, 86, 90, 93]	3024
[36, 63, 85, 86, 90]	3696
[36, 63, 85, 90, 93]	3024
[36, 85, 86, 90, 93]	3168
[39, 56, 85, 86, 90]	3312
[53, 59, 85, 86, 90]	3216
[53, 63, 85, 86, 90]	3216
[59, 63, 85, 86, 90]	3596
[59, 63, 85, 86, 93]	3136
[59, 63, 85, 90, 93]	3152
[59, 85, 86, 90, 93]	3224
[63, 85, 86, 90, 93]	3032
[67, 76, 85, 86, 90]	3080
[34, 36, 85, 86, 110]	3752
[34, 36, 85, 90, 110]	3664
[34, 36, 86, 90, 110]	3664
[34, 85, 86, 90, 110]	3856
[34, 85, 86, 90, 116]	3104
[36, 85, 86, 90, 110]	3664
[1, 24, 34, 36, 85, 86]	3170
[1, 24, 34, 36, 85, 90]	3152
[1, 24, 34, 36, 86, 90]	3152
[1, 24, 34, 85, 86, 90]	3248
[1, 24, 36, 85, 86, 90]	3152
[1, 34, 36, 85, 86, 90]	3696
[2, 28, 34, 39, 85, 86]	3024
[2, 34, 39, 59, 85, 86]	3184
[2, 34, 39, 85, 86, 90]	3200
[2, 34, 59, 85, 86, 90]	3080
[10, 34, 36, 85, 86, 90]	3016
[23, 34, 36, 39, 85, 86]	3016
[23, 34, 36, 59, 85, 86]	3128
[23, 34, 36, 85, 86, 93]	3080
[23, 34, 59, 85, 86, 93]	3040
[23, 34, 85, 86, 90, 93]	3080
[24, 34, 36, 85, 86, 90]	3296
[34, 36, 39, 56, 85, 86]	3432
[34, 36, 39, 56, 85, 90]	3312
[34, 36, 39, 56, 86, 90]	3312
[34, 36, 39, 85, 86, 90]	4016
[34, 36, 53, 85, 86, 90]	3744
[34, 36, 56, 85, 86, 90]	3408
[34, 36, 59, 63, 85, 86]	3488
[34, 36, 59, 63, 85, 90]	3192
[34, 36, 59, 63, 86, 90]	3192
[34, 36, 59, 85, 86, 90]	3936
[34, 36, 59, 85, 86, 93]	3128
[34, 36, 59, 85, 90, 93]	3024
[34, 36, 59, 86, 90, 93]	3024
[34, 36, 63, 85, 86, 90]	3696
[34, 36, 85, 86, 90, 93]	3168
[34, 39, 56, 85, 86, 90]	3312
[34, 53, 59, 85, 86, 90]	3216
[34, 53, 63, 85, 86, 90]	3216
[34, 59, 63, 85, 86, 90]	3596
[34, 59, 63, 85, 86, 93]	3136
[34, 59, 85, 86, 90, 93]	3224
[34, 63, 85, 86, 90, 93]	3032
[34, 67, 76, 85, 86, 90]	3080
[36, 39, 56, 85, 86, 90]	3312
[36, 59, 63, 85, 86, 90]	3192
[36, 59, 85, 86, 90, 93]	3024
[34, 36, 85, 86, 90, 110]	3664
[1, 24, 34, 36, 85, 86, 90]	3152
[34, 36, 39, 56, 85, 86, 90]	3312
[34, 36, 59, 63, 85, 86, 90]	3192
[34, 36, 59, 85, 86, 90, 93]	3024
