36  154
34  151
40  158
66  151
29  159
7  151
58  159
60  156
48  150
52  158
[29, 52]  158
[36, 58]  154
[34, 52]  150
[48, 58]  150
[36, 52]  153
[40, 66]  150
[7, 40]  150
[29, 58]  159
[34, 58]  151
[40, 60]  155
[7, 52]  150
[36, 60]  151
[29, 48]  150
[40, 58]  158
[40, 52]  157
[29, 36]  154
[7, 58]  151
[36, 40]  153
[29, 40]  158
[34, 40]  150
[36, 48]  150
[29, 34]  151
[60, 66]  151
[58, 60]  156
[58, 66]  151
[29, 66]  151
[7, 29]  151
[52, 58]  158
[29, 60]  156
[52, 60]  155
[52, 66]  150
[29, 34, 52]  150
[29, 36, 52]  153
[29, 52, 58]  158
[7, 29, 52]  150
[29, 40, 52]  157
[29, 52, 66]  150
[29, 52, 60]  155
[36, 48, 58]  150
[36, 52, 58]  153
[29, 36, 58]  154
[36, 58, 60]  151
[36, 40, 58]  153
[34, 52, 58]  150
[29, 48, 58]  150
[36, 52, 60]  150
[36, 40, 52]  152
[40, 60, 66]  150
[40, 58, 66]  150
[29, 40, 66]  150
[7, 40, 58]  150
[7, 29, 40]  150
[29, 34, 58]  151
[29, 40, 58]  158
[7, 29, 58]  151
[29, 58, 60]  156
[29, 58, 66]  151
[34, 40, 58]  150
[36, 40, 60]  150
[40, 58, 60]  155
[40, 52, 60]  154
[29, 40, 60]  155
[7, 52, 58]  150
[29, 36, 60]  151
[29, 36, 48]  150
[40, 52, 58]  157
[29, 36, 40]  153
[29, 34, 40]  150
[58, 60, 66]  151
[29, 60, 66]  151
[52, 60, 66]  150
[52, 58, 60]  155
[52, 58, 66]  150
[29, 34, 52, 58]  150
[29, 36, 52, 58]  153
[29, 36, 40, 52]  152
[29, 36, 52, 60]  150
[7, 29, 52, 58]  150
[29, 40, 52, 58]  157
[29, 52, 58, 66]  150
[29, 52, 58, 60]  155
[29, 40, 52, 60]  154
[29, 52, 60, 66]  150
[29, 36, 48, 58]  150
[36, 52, 58, 60]  150
[36, 40, 52, 58]  152
[29, 36, 58, 60]  151
[29, 36, 40, 58]  153
[36, 40, 58, 60]  150
[40, 58, 60, 66]  150
[29, 40, 60, 66]  150
[29, 40, 58, 66]  150
[7, 29, 40, 58]  150
[29, 34, 40, 58]  150
[29, 40, 58, 60]  155
[29, 58, 60, 66]  151
[29, 36, 40, 60]  150
[40, 52, 58, 60]  154
[52, 58, 60, 66]  150
[29, 36, 40, 52, 58]  152
[29, 36, 52, 58, 60]  150
[29, 40, 52, 58, 60]  154
[29, 52, 58, 60, 66]  150
[29, 36, 40, 58, 60]  150
[29, 40, 58, 60, 66]  150
