34  60
40  63
66  61
29  63
7  60
9  60
58  63
62  62
60  62
52  63
[29, 52]  63
[34, 52]  60
[40, 66]  61
[7, 40]  60
[29, 58]  63
[34, 58]  60
[40, 60]  62
[9, 58]  60
[40, 62]  62
[7, 52]  60
[34, 62]  60
[40, 58]  63
[40, 52]  63
[7, 58]  60
[29, 40]  63
[9, 52]  60
[34, 40]  60
[9, 40]  60
[29, 34]  60
[60, 62]  61
[58, 62]  62
[60, 66]  61
[58, 60]  62
[62, 66]  60
[58, 66]  61
[29, 66]  61
[9, 29]  60
[7, 29]  60
[29, 62]  62
[52, 58]  63
[29, 60]  62
[52, 60]  62
[52, 62]  62
[52, 66]  61
[29, 34, 52]  60
[29, 52, 58]  63
[7, 29, 52]  60
[29, 40, 52]  63
[9, 29, 52]  60
[29, 52, 66]  61
[29, 52, 62]  62
[29, 52, 60]  62
[34, 52, 58]  60
[34, 52, 62]  60
[34, 40, 52]  60
[40, 60, 66]  61
[40, 62, 66]  60
[40, 58, 66]  61
[40, 52, 66]  61
[29, 40, 66]  61
[7, 40, 52]  60
[7, 40, 58]  60
[7, 29, 40]  60
[29, 34, 58]  60
[9, 29, 58]  60
[29, 40, 58]  63
[7, 29, 58]  60
[29, 58, 62]  62
[29, 58, 60]  62
[29, 58, 66]  61
[34, 58, 62]  60
[34, 40, 58]  60
[40, 60, 62]  61
[40, 58, 60]  62
[40, 52, 60]  62
[29, 40, 60]  62
[9, 40, 58]  60
[9, 52, 58]  60
[34, 40, 62]  60
[40, 58, 62]  62
[40, 52, 62]  62
[29, 40, 62]  62
[7, 52, 58]  60
[29, 34, 62]  60
[40, 52, 58]  63
[9, 40, 52]  60
[29, 34, 40]  60
[9, 29, 40]  60
[58, 60, 62]  61
[60, 62, 66]  60
[29, 60, 62]  61
[52, 60, 62]  61
[58, 62, 66]  60
[52, 58, 62]  62
[58, 60, 66]  61
[29, 60, 66]  61
[52, 60, 66]  61
[52, 58, 60]  62
[29, 62, 66]  60
[52, 62, 66]  60
[52, 58, 66]  61
[29, 34, 52, 58]  60
[29, 34, 40, 52]  60
[29, 34, 52, 62]  60
[7, 29, 52, 58]  60
[29, 40, 52, 58]  63
[9, 29, 52, 58]  60
[29, 52, 58, 66]  61
[29, 52, 58, 62]  62
[29, 52, 58, 60]  62
[7, 29, 40, 52]  60
[9, 29, 40, 52]  60
[29, 40, 52, 66]  61
[29, 40, 52, 62]  62
[29, 40, 52, 60]  62
[29, 52, 62, 66]  60
[29, 52, 60, 66]  61
[29, 52, 60, 62]  61
[34, 52, 58, 62]  60
[34, 40, 52, 58]  60
[34, 40, 52, 62]  60
[40, 60, 62, 66]  60
[40, 58, 60, 66]  61
[40, 52, 60, 66]  61
[29, 40, 60, 66]  61
[40, 58, 62, 66]  60
[40, 52, 62, 66]  60
[29, 40, 62, 66]  60
[40, 52, 58, 66]  61
[29, 40, 58, 66]  61
[7, 40, 52, 58]  60
[7, 29, 40, 58]  60
[29, 34, 40, 58]  60
[29, 34, 58, 62]  60
[9, 29, 40, 58]  60
[29, 40, 58, 62]  62
[29, 40, 58, 60]  62
[29, 58, 60, 62]  61
[29, 58, 62, 66]  60
[29, 58, 60, 66]  61
[34, 40, 58, 62]  60
[40, 58, 60, 62]  61
[40, 52, 60, 62]  61
[29, 40, 60, 62]  61
[40, 52, 58, 60]  62
[9, 40, 52, 58]  60
[29, 34, 40, 62]  60
[40, 52, 58, 62]  62
[58, 60, 62, 66]  60
[52, 58, 60, 62]  61
[29, 60, 62, 66]  60
[52, 60, 62, 66]  60
[52, 58, 62, 66]  60
[52, 58, 60, 66]  61
[29, 34, 40, 52, 58]  60
[29, 34, 52, 58, 62]  60
[29, 34, 40, 52, 62]  60
[7, 29, 40, 52, 58]  60
[9, 29, 40, 52, 58]  60
[29, 40, 52, 58, 66]  61
[29, 40, 52, 58, 62]  62
[29, 40, 52, 58, 60]  62
[29, 52, 58, 62, 66]  60
[29, 52, 58, 60, 66]  61
[29, 52, 58, 60, 62]  61
[29, 40, 52, 62, 66]  60
[29, 40, 52, 60, 66]  61
[29, 40, 52, 60, 62]  61
[29, 52, 60, 62, 66]  60
[34, 40, 52, 58, 62]  60
[40, 58, 60, 62, 66]  60
[40, 52, 60, 62, 66]  60
[29, 40, 60, 62, 66]  60
[40, 52, 58, 60, 66]  61
[29, 40, 58, 60, 66]  61
[40, 52, 58, 62, 66]  60
[29, 40, 58, 62, 66]  60
[29, 34, 40, 58, 62]  60
[29, 40, 58, 60, 62]  61
[29, 58, 60, 62, 66]  60
[40, 52, 58, 60, 62]  61
[52, 58, 60, 62, 66]  60
[29, 34, 40, 52, 58, 62]  60
[29, 40, 52, 58, 62, 66]  60
[29, 40, 52, 58, 60, 66]  61
[29, 40, 52, 58, 60, 62]  61
[29, 52, 58, 60, 62, 66]  60
[29, 40, 52, 60, 62, 66]  60
[40, 52, 58, 60, 62, 66]  60
[29, 40, 58, 60, 62, 66]  60
[29, 40, 52, 58, 60, 62, 66]  60
