36  312
34  310
40  316
29  314
7  304
5  300
58  318
56  309
62  303
60  313
52  318
[29, 52]  314
[34, 52]  310
[29, 56]  305
[34, 56]  303
[29, 58]  314
[7, 40]  302
[34, 58]  310
[34, 60]  305
[7, 52]  304
[29, 36]  308
[7, 58]  304
[34, 36]  304
[29, 40]  312
[34, 40]  308
[29, 34]  308
[58, 62]  303
[58, 60]  313
[36, 56]  303
[36, 58]  312
[36, 52]  312
[40, 60]  311
[40, 62]  302
[36, 60]  307
[40, 56]  307
[40, 58]  316
[5, 52]  300
[40, 52]  316
[36, 40]  310
[5, 58]  300
[7, 29]  302
[52, 56]  309
[29, 60]  309
[52, 58]  318
[52, 60]  313
[56, 58]  309
[52, 62]  303
[56, 60]  304
[29, 34, 52]  308
[29, 52, 56]  305
[29, 52, 58]  314
[7, 29, 52]  302
[29, 36, 52]  308
[29, 40, 52]  312
[29, 52, 60]  309
[34, 52, 56]  303
[34, 52, 58]  310
[34, 52, 60]  305
[34, 36, 52]  304
[34, 40, 52]  308
[29, 34, 56]  301
[29, 56, 58]  305
[29, 40, 56]  303
[29, 56, 60]  300
[34, 56, 58]  303
[34, 40, 56]  301
[29, 34, 58]  308
[29, 36, 58]  308
[7, 29, 58]  302
[29, 40, 58]  312
[29, 58, 60]  309
[7, 40, 52]  302
[7, 40, 58]  302
[7, 29, 40]  300
[34, 58, 60]  305
[34, 36, 58]  304
[34, 40, 58]  308
[34, 40, 60]  303
[29, 34, 60]  303
[7, 52, 58]  304
[29, 34, 36]  302
[29, 36, 40]  306
[29, 36, 60]  303
[34, 36, 40]  302
[29, 34, 40]  306
[29, 40, 60]  307
[40, 58, 62]  302
[52, 58, 62]  303
[36, 58, 60]  307
[40, 58, 60]  311
[52, 58, 60]  313
[56, 58, 60]  304
[36, 56, 58]  303
[36, 52, 56]  303
[36, 40, 56]  301
[36, 52, 58]  312
[36, 40, 58]  310
[36, 52, 60]  307
[36, 40, 52]  310
[36, 40, 60]  305
[40, 56, 60]  302
[40, 52, 60]  311
[40, 52, 62]  302
[40, 56, 58]  307
[40, 52, 56]  307
[40, 52, 58]  316
[5, 52, 58]  300
[52, 56, 58]  309
[52, 56, 60]  304
[29, 34, 52, 56]  301
[29, 34, 52, 58]  308
[29, 34, 36, 52]  302
[29, 34, 40, 52]  306
[29, 34, 52, 60]  303
[29, 52, 56, 58]  305
[29, 40, 52, 56]  303
[29, 52, 56, 60]  300
[7, 29, 52, 58]  302
[29, 36, 52, 58]  308
[29, 40, 52, 58]  312
[29, 52, 58, 60]  309
[7, 29, 40, 52]  300
[29, 36, 40, 52]  306
[29, 36, 52, 60]  303
[29, 40, 52, 60]  307
[34, 52, 56, 58]  303
[34, 40, 52, 56]  301
[34, 52, 58, 60]  305
[34, 36, 52, 58]  304
[34, 40, 52, 58]  308
[34, 40, 52, 60]  303
[34, 36, 40, 52]  302
[29, 34, 56, 58]  301
[29, 40, 56, 58]  303
[29, 56, 58, 60]  300
[34, 40, 56, 58]  301
[29, 34, 36, 58]  302
[29, 34, 40, 58]  306
[29, 34, 58, 60]  303
[29, 36, 40, 58]  306
[29, 36, 58, 60]  303
[7, 29, 40, 58]  300
[29, 40, 58, 60]  307
[7, 40, 52, 58]  302
[34, 40, 58, 60]  303
[34, 36, 40, 58]  302
[29, 34, 40, 60]  301
[29, 34, 36, 40]  300
[29, 36, 40, 60]  301
[40, 52, 58, 62]  302
[36, 40, 58, 60]  305
[36, 52, 58, 60]  307
[40, 52, 58, 60]  311
[40, 56, 58, 60]  302
[52, 56, 58, 60]  304
[36, 52, 56, 58]  303
[36, 40, 56, 58]  301
[36, 40, 52, 56]  301
[36, 40, 52, 58]  310
[36, 40, 52, 60]  305
[40, 52, 56, 60]  302
[40, 52, 56, 58]  307
[29, 34, 52, 56, 58]  301
[29, 34, 36, 52, 58]  302
[29, 34, 40, 52, 58]  306
[29, 34, 52, 58, 60]  303
[29, 34, 36, 40, 52]  300
[29, 34, 40, 52, 60]  301
[29, 40, 52, 56, 58]  303
[29, 52, 56, 58, 60]  300
[7, 29, 40, 52, 58]  300
[29, 36, 40, 52, 58]  306
[29, 36, 52, 58, 60]  303
[29, 40, 52, 58, 60]  307
[29, 36, 40, 52, 60]  301
[34, 40, 52, 56, 58]  301
[34, 40, 52, 58, 60]  303
[34, 36, 40, 52, 58]  302
[29, 34, 36, 40, 58]  300
[29, 34, 40, 58, 60]  301
[29, 36, 40, 58, 60]  301
[36, 40, 52, 58, 60]  305
[40, 52, 56, 58, 60]  302
[36, 40, 52, 56, 58]  301
[29, 34, 36, 40, 52, 58]  300
[29, 34, 40, 52, 58, 60]  301
[29, 36, 40, 52, 58, 60]  301
