34  656
37  671
19  670
16  656
109  676
106  668
91  676
88  671
85  657
127  676
124  668
72  664
75  673
55  669
52  655
[72, 91]  664
[55, 85]  650
[19, 91]  670
[72, 88]  659
[37, 85]  652
[19, 85]  651
[55, 75]  666
[37, 88]  666
[19, 88]  665
[55, 72]  657
[37, 91]  671
[19, 109]  670
[72, 75]  664
[19, 106]  662
[88, 124]  663
[88, 127]  671
[37, 72]  659
[37, 75]  668
[106, 124]  660
[37, 127]  671
[37, 124]  663
[72, 124]  656
[88, 106]  663
[106, 127]  668
[88, 109]  671
[19, 55]  663
[72, 127]  664
[19, 75]  667
[52, 127]  655
[72, 109]  664
[37, 109]  671
[72, 106]  656
[88, 91]  671
[106, 109]  668
[37, 106]  663
[19, 72]  658
[109, 124]  668
[109, 127]  676
[55, 127]  669
[124, 127]  668
[19, 37]  665
[55, 124]  661
[16, 127]  656
[19, 34]  650
[16, 91]  656
[16, 88]  651
[55, 106]  661
[55, 109]  669
[16, 109]  656
[55, 88]  664
[55, 91]  669
[85, 127]  657
[16, 37]  651
[85, 109]  657
[75, 109]  673
[75, 106]  665
[16, 19]  656
[34, 37]  656
[75, 127]  673
[75, 124]  665
[85, 91]  657
[85, 88]  657
[34, 88]  651
[91, 124]  668
[16, 75]  653
[34, 91]  656
[91, 127]  676
[34, 75]  653
[52, 109]  655
[34, 127]  656
[52, 88]  650
[34, 109]  656
[52, 91]  655
[91, 106]  668
[91, 109]  676
[75, 85]  654
[37, 55]  664
[75, 88]  668
[37, 52]  650
[19, 127]  670
[52, 75]  652
[19, 124]  662
[52, 55]  655
[75, 91]  673
[19, 72, 91]  658
[72, 88, 91]  659
[55, 72, 91]  657
[37, 72, 91]  659
[72, 75, 91]  664
[72, 91, 124]  656
[72, 91, 127]  664
[72, 91, 109]  664
[72, 91, 106]  656
[55, 85, 127]  650
[55, 85, 109]  650
[55, 85, 88]  650
[55, 85, 91]  650
[19, 85, 91]  651
[19, 88, 91]  665
[19, 37, 91]  665
[19, 91, 109]  670
[19, 91, 106]  662
[19, 55, 91]  663
[19, 75, 91]  667
[19, 34, 91]  650
[16, 19, 91]  656
[19, 91, 124]  662
[19, 91, 127]  670
[37, 72, 88]  654
[19, 72, 88]  653
[55, 72, 88]  652
[72, 75, 88]  659
[72, 88, 124]  651
[72, 88, 127]  659
[72, 88, 106]  651
[72, 88, 109]  659
[37, 85, 88]  652
[37, 85, 91]  652
[37, 85, 127]  652
[37, 85, 109]  652
[19, 85, 88]  651
[19, 85, 109]  651
[19, 85, 127]  651
[55, 72, 75]  657
[37, 55, 75]  661
[19, 55, 75]  660
[55, 75, 127]  666
[55, 75, 124]  658
[55, 75, 106]  658
[55, 75, 109]  666
[55, 75, 88]  661
[55, 75, 91]  666
[52, 55, 75]  652
[19, 37, 88]  660
[37, 88, 91]  666
[37, 88, 124]  658
[37, 88, 127]  666
[37, 75, 88]  663
[37, 88, 106]  658
[37, 88, 109]  666
[37, 55, 88]  659
[34, 37, 88]  651
[19, 88, 109]  665
[19, 88, 106]  657
[19, 88, 124]  657
[19, 88, 127]  665
[19, 55, 88]  658
[19, 75, 88]  662
[16, 19, 88]  651
[37, 55, 72]  652
[19, 55, 72]  651
[55, 72, 127]  657
[55, 72, 109]  657
[37, 75, 91]  668
[37, 91, 127]  671
[37, 91, 124]  663
[37, 91, 109]  671
[37, 91, 106]  663
[16, 37, 91]  651
[37, 55, 91]  664
[34, 37, 91]  656
[37, 52, 91]  650
[19, 106, 109]  662
[19, 55, 109]  663
[19, 75, 109]  667
[19, 72, 109]  658
[19, 37, 109]  665
[19, 109, 124]  662
[19, 109, 127]  670
[19, 34, 109]  650
[16, 19, 109]  656
[37, 72, 75]  659
[72, 75, 124]  656
[72, 75, 127]  664
[19, 72, 75]  658
[72, 75, 109]  664
[72, 75, 106]  656
[19, 106, 124]  654
[19, 106, 127]  662
[19, 55, 106]  655
[19, 75, 106]  659
[19, 72, 106]  650
[19, 37, 106]  657
[88, 124, 127]  663
[88, 106, 124]  655
[88, 109, 124]  663
[88, 91, 124]  663
[55, 88, 124]  656
[75, 88, 124]  660
[88, 106, 127]  663
[88, 109, 127]  671
[52, 88, 127]  650
[88, 91, 127]  671
[55, 88, 127]  664
[16, 88, 127]  651
[85, 88, 127]  657
[75, 88, 127]  668
[34, 88, 127]  651
[37, 72, 127]  659
[37, 72, 124]  651
[37, 72, 109]  659
[37, 72, 106]  651
[19, 37, 72]  653
[37, 75, 127]  668
[37, 75, 124]  660
[19, 37, 75]  662
[37, 75, 109]  668
[37, 75, 106]  660
[34, 37, 75]  653
[37, 106, 124]  655
[106, 124, 127]  660
[106, 109, 124]  660
[55, 106, 124]  653
[75, 106, 124]  657
[91, 106, 124]  660
[37, 124, 127]  663
[37, 106, 127]  663
[37, 52, 127]  650
[37, 109, 127]  671
[37, 55, 127]  664
[19, 37, 127]  665
[16, 37, 127]  651
[34, 37, 127]  656
[37, 109, 124]  663
[19, 37, 124]  657
[37, 55, 124]  656
[72, 124, 127]  656
[72, 109, 124]  656
[19, 72, 124]  650
[88, 106, 109]  663
[88, 91, 106]  663
[55, 88, 106]  656
[75, 88, 106]  660
[72, 106, 127]  656
[106, 109, 127]  668
[55, 106, 127]  661
[75, 106, 127]  665
[91, 106, 127]  668
[88, 91, 109]  671
[16, 88, 109]  651
[55, 88, 109]  664
[85, 88, 109]  657
[75, 88, 109]  668
[34, 88, 109]  651
[52, 88, 109]  650
[19, 55, 127]  663
[19, 37, 55]  658
[19, 55, 124]  655
[72, 109, 127]  664
[19, 72, 127]  658
[16, 19, 75]  653
[19, 75, 127]  667
[19, 75, 124]  659
[52, 109, 127]  655
[52, 55, 127]  655
[52, 75, 127]  652
[52, 91, 127]  655
[72, 106, 109]  656
[37, 106, 109]  663
[37, 55, 109]  664
[16, 37, 109]  651
[34, 37, 109]  656
[37, 52, 109]  650
[16, 88, 91]  651
[55, 88, 91]  664
[85, 88, 91]  657
[34, 88, 91]  651
[52, 88, 91]  650
[75, 88, 91]  668
[55, 106, 109]  661
[75, 106, 109]  665
[91, 106, 109]  668
[37, 55, 106]  656
[109, 124, 127]  668
[55, 109, 124]  661
[75, 109, 124]  665
[91, 109, 124]  668
[55, 109, 127]  669
[16, 109, 127]  656
[85, 109, 127]  657
[75, 109, 127]  673
[91, 109, 127]  676
[34, 109, 127]  656
[55, 124, 127]  661
[55, 91, 127]  669
[75, 124, 127]  665
[91, 124, 127]  668
[19, 124, 127]  662
[19, 34, 37]  650
[16, 19, 37]  651
[55, 91, 124]  661
[16, 91, 127]  656
[16, 19, 127]  656
[16, 75, 127]  653
[19, 34, 127]  650
[16, 91, 109]  656
[16, 75, 91]  653
[55, 91, 106]  661
[55, 91, 109]  669
[52, 55, 109]  655
[16, 75, 109]  653
[52, 55, 88]  650
[52, 55, 91]  655
[75, 85, 127]  654
[85, 91, 127]  657
[75, 85, 109]  654
[85, 91, 109]  657
[34, 75, 109]  653
[52, 75, 109]  652
[75, 91, 109]  673
[75, 91, 106]  665
[75, 91, 127]  673
[34, 75, 127]  653
[75, 91, 124]  665
[75, 85, 91]  654
[75, 85, 88]  654
[34, 91, 127]  656
[34, 75, 91]  653
[34, 91, 109]  656
[52, 91, 109]  655
[52, 75, 91]  652
[37, 52, 55]  650
[19, 72, 88, 91]  653
[19, 55, 72, 91]  651
[19, 37, 72, 91]  653
[19, 72, 75, 91]  658
[19, 72, 91, 124]  650
[19, 72, 91, 127]  658
[19, 72, 91, 109]  658
[19, 72, 91, 106]  650
[55, 72, 88, 91]  652
[37, 72, 88, 91]  654
[72, 75, 88, 91]  659
[72, 88, 91, 124]  651
[72, 88, 91, 127]  659
[72, 88, 91, 109]  659
[72, 88, 91, 106]  651
[37, 55, 72, 91]  652
[55, 72, 75, 91]  657
[55, 72, 91, 127]  657
[55, 72, 91, 109]  657
[37, 72, 75, 91]  659
[37, 72, 91, 124]  651
[37, 72, 91, 127]  659
[37, 72, 91, 109]  659
[37, 72, 91, 106]  651
[72, 75, 91, 124]  656
[72, 75, 91, 127]  664
[72, 75, 91, 109]  664
[72, 75, 91, 106]  656
[72, 91, 124, 127]  656
[72, 91, 109, 124]  656
[72, 91, 109, 127]  664
[72, 91, 106, 127]  656
[72, 91, 106, 109]  656
[55, 85, 109, 127]  650
[55, 85, 88, 127]  650
[55, 85, 91, 127]  650
[55, 85, 88, 109]  650
[55, 85, 91, 109]  650
[55, 85, 88, 91]  650
[19, 85, 88, 91]  651
[19, 85, 91, 109]  651
[19, 85, 91, 127]  651
[19, 37, 88, 91]  660
[19, 88, 91, 109]  665
[19, 88, 91, 106]  657
[19, 55, 88, 91]  658
[19, 75, 88, 91]  662
[16, 19, 88, 91]  651
[19, 88, 91, 124]  657
[19, 88, 91, 127]  665
[19, 37, 91, 109]  665
[19, 37, 91, 106]  657
[19, 37, 55, 91]  658
[19, 37, 75, 91]  662
[19, 34, 37, 91]  650
[16, 19, 37, 91]  651
[19, 37, 91, 124]  657
[19, 37, 91, 127]  665
[19, 91, 106, 109]  662
[19, 55, 91, 109]  663
[19, 75, 91, 109]  667
[19, 34, 91, 109]  650
[16, 19, 91, 109]  656
[19, 91, 109, 124]  662
[19, 91, 109, 127]  670
[19, 55, 91, 106]  655
[19, 75, 91, 106]  659
[19, 91, 106, 124]  654
[19, 91, 106, 127]  662
[19, 55, 75, 91]  660
[19, 55, 91, 124]  655
[19, 55, 91, 127]  663
[16, 19, 75, 91]  653
[19, 75, 91, 124]  659
[19, 75, 91, 127]  667
[19, 34, 91, 127]  650
[16, 19, 91, 127]  656
[19, 91, 124, 127]  662
[37, 72, 75, 88]  654
[37, 72, 88, 127]  654
[37, 72, 88, 109]  654
[19, 72, 75, 88]  653
[19, 72, 88, 127]  653
[19, 72, 88, 109]  653
[55, 72, 75, 88]  652
[55, 72, 88, 127]  652
[55, 72, 88, 109]  652
[72, 75, 88, 124]  651
[72, 75, 88, 127]  659
[72, 75, 88, 106]  651
[72, 75, 88, 109]  659
[72, 88, 124, 127]  651
[72, 88, 109, 124]  651
[72, 88, 106, 127]  651
[72, 88, 109, 127]  659
[72, 88, 106, 109]  651
[37, 85, 88, 91]  652
[37, 85, 88, 127]  652
[37, 85, 88, 109]  652
[37, 85, 91, 127]  652
[37, 85, 91, 109]  652
[37, 85, 109, 127]  652
[19, 85, 88, 109]  651
[19, 85, 88, 127]  651
[19, 85, 109, 127]  651
[37, 55, 72, 75]  652
[19, 55, 72, 75]  651
[55, 72, 75, 127]  657
[55, 72, 75, 109]  657
[19, 37, 55, 75]  655
[37, 55, 75, 127]  661
[37, 55, 75, 124]  653
[37, 55, 75, 106]  653
[37, 55, 75, 109]  661
[37, 55, 75, 88]  656
[37, 55, 75, 91]  661
[19, 55, 75, 127]  660
[19, 55, 75, 124]  652
[19, 55, 75, 106]  652
[19, 55, 75, 109]  660
[19, 55, 75, 88]  655
[55, 75, 124, 127]  658
[55, 75, 106, 127]  658
[55, 75, 109, 127]  666
[55, 75, 88, 127]  661
[55, 75, 91, 127]  666
[52, 55, 75, 127]  652
[55, 75, 106, 124]  650
[55, 75, 109, 124]  658
[55, 75, 88, 124]  653
[55, 75, 91, 124]  658
[55, 75, 106, 109]  658
[55, 75, 88, 106]  653
[55, 75, 91, 106]  658
[55, 75, 88, 109]  661
[55, 75, 91, 109]  666
[52, 55, 75, 109]  652
[55, 75, 88, 91]  661
[52, 55, 75, 91]  652
[19, 37, 88, 124]  652
[19, 37, 88, 127]  660
[19, 37, 75, 88]  657
[19, 37, 88, 106]  652
[19, 37, 88, 109]  660
[19, 37, 55, 88]  653
[37, 88, 91, 124]  658
[37, 88, 91, 127]  666
[37, 75, 88, 91]  663
[37, 88, 91, 106]  658
[37, 88, 91, 109]  666
[37, 55, 88, 91]  659
[34, 37, 88, 91]  651
[37, 88, 124, 127]  658
[37, 75, 88, 124]  655
[37, 88, 106, 124]  650
[37, 88, 109, 124]  658
[37, 55, 88, 124]  651
[37, 75, 88, 127]  663
[37, 88, 106, 127]  658
[37, 88, 109, 127]  666
[37, 55, 88, 127]  659
[34, 37, 88, 127]  651
[37, 75, 88, 106]  655
[37, 75, 88, 109]  663
[37, 88, 106, 109]  658
[37, 55, 88, 106]  651
[37, 55, 88, 109]  659
[34, 37, 88, 109]  651
[19, 88, 106, 109]  657
[19, 88, 109, 124]  657
[19, 88, 109, 127]  665
[19, 55, 88, 109]  658
[19, 75, 88, 109]  662
[16, 19, 88, 109]  651
[19, 88, 106, 127]  657
[19, 55, 88, 106]  650
[19, 75, 88, 106]  654
[19, 88, 124, 127]  657
[19, 55, 88, 124]  650
[19, 75, 88, 124]  654
[19, 55, 88, 127]  658
[19, 75, 88, 127]  662
[16, 19, 88, 127]  651
[37, 55, 72, 127]  652
[37, 55, 72, 109]  652
[19, 55, 72, 127]  651
[19, 55, 72, 109]  651
[55, 72, 109, 127]  657
[37, 75, 91, 127]  668
[37, 75, 91, 124]  660
[37, 75, 91, 109]  668
[37, 75, 91, 106]  660
[34, 37, 75, 91]  653
[37, 91, 124, 127]  663
[37, 91, 109, 127]  671
[37, 91, 106, 127]  663
[16, 37, 91, 127]  651
[37, 55, 91, 127]  664
[34, 37, 91, 127]  656
[37, 52, 91, 127]  650
[37, 91, 109, 124]  663
[37, 91, 106, 124]  655
[37, 55, 91, 124]  656
[37, 91, 106, 109]  663
[16, 37, 91, 109]  651
[37, 55, 91, 109]  664
[34, 37, 91, 109]  656
[37, 52, 91, 109]  650
[37, 55, 91, 106]  656
[37, 52, 55, 91]  650
[19, 55, 106, 109]  655
[19, 75, 106, 109]  659
[19, 72, 106, 109]  650
[19, 37, 106, 109]  657
[19, 106, 109, 124]  654
[19, 106, 109, 127]  662
[19, 37, 55, 109]  658
[19, 55, 109, 124]  655
[19, 55, 109, 127]  663
[19, 72, 75, 109]  658
[19, 37, 75, 109]  662
[19, 75, 109, 124]  659
[19, 75, 109, 127]  667
[16, 19, 75, 109]  653
[19, 37, 72, 109]  653
[19, 72, 109, 124]  650
[19, 72, 109, 127]  658
[19, 37, 109, 124]  657
[19, 37, 109, 127]  665
[19, 34, 37, 109]  650
[16, 19, 37, 109]  651
[19, 109, 124, 127]  662
[19, 34, 109, 127]  650
[16, 19, 109, 127]  656
[37, 72, 75, 124]  651
[37, 72, 75, 127]  659
[19, 37, 72, 75]  653
[37, 72, 75, 109]  659
[37, 72, 75, 106]  651
[72, 75, 124, 127]  656
[19, 72, 75, 124]  650
[72, 75, 109, 124]  656
[19, 72, 75, 127]  658
[72, 75, 109, 127]  664
[72, 75, 106, 127]  656
[19, 72, 75, 106]  650
[72, 75, 106, 109]  656
[19, 106, 124, 127]  654
[19, 75, 106, 124]  651
[19, 55, 106, 127]  655
[19, 75, 106, 127]  659
[19, 72, 106, 127]  650
[19, 37, 106, 127]  657
[19, 37, 55, 106]  650
[19, 37, 75, 106]  654
[88, 106, 124, 127]  655
[88, 109, 124, 127]  663
[88, 91, 124, 127]  663
[55, 88, 124, 127]  656
[75, 88, 124, 127]  660
[88, 106, 109, 124]  655
[88, 91, 106, 124]  655
[75, 88, 106, 124]  652
[88, 91, 109, 124]  663
[55, 88, 109, 124]  656
[75, 88, 109, 124]  660
[55, 88, 91, 124]  656
[75, 88, 91, 124]  660
[88, 106, 109, 127]  663
[88, 91, 106, 127]  663
[55, 88, 106, 127]  656
[75, 88, 106, 127]  660
[52, 88, 109, 127]  650
[88, 91, 109, 127]  671
[55, 88, 109, 127]  664
[16, 88, 109, 127]  651
[85, 88, 109, 127]  657
[75, 88, 109, 127]  668
[34, 88, 109, 127]  651
[52, 88, 91, 127]  650
[52, 55, 88, 127]  650
[55, 88, 91, 127]  664
[16, 88, 91, 127]  651
[85, 88, 91, 127]  657
[75, 88, 91, 127]  668
[34, 88, 91, 127]  651
[75, 85, 88, 127]  654
[37, 72, 124, 127]  651
[37, 72, 109, 127]  659
[37, 72, 106, 127]  651
[19, 37, 72, 127]  653
[37, 72, 109, 124]  651
[37, 72, 106, 109]  651
[37, 75, 124, 127]  660
[19, 37, 75, 127]  662
[37, 75, 109, 127]  668
[37, 75, 106, 127]  660
[34, 37, 75, 127]  653
[19, 37, 75, 124]  654
[37, 75, 109, 124]  660
[37, 75, 106, 124]  652
[37, 75, 106, 109]  660
[34, 37, 75, 109]  653
[37, 106, 124, 127]  655
[37, 106, 109, 124]  655
[106, 109, 124, 127]  660
[55, 106, 124, 127]  653
[75, 106, 124, 127]  657
[91, 106, 124, 127]  660
[55, 106, 109, 124]  653
[75, 106, 109, 124]  657
[91, 106, 109, 124]  660
[55, 91, 106, 124]  653
[75, 91, 106, 124]  657
[37, 109, 124, 127]  663
[37, 55, 124, 127]  656
[19, 37, 124, 127]  657
[37, 106, 109, 127]  663
[37, 55, 106, 127]  656
[37, 52, 109, 127]  650
[37, 52, 55, 127]  650
[37, 55, 109, 127]  664
[16, 37, 109, 127]  651
[34, 37, 109, 127]  656
[19, 37, 55, 127]  658
[16, 19, 37, 127]  651
[19, 34, 37, 127]  650
[37, 55, 109, 124]  656
[19, 37, 55, 124]  650
[72, 109, 124, 127]  656
[19, 72, 124, 127]  650
[88, 91, 106, 109]  663
[55, 88, 106, 109]  656
[75, 88, 106, 109]  660
[55, 88, 91, 106]  656
[75, 88, 91, 106]  660
[72, 106, 109, 127]  656
[55, 106, 109, 127]  661
[75, 106, 109, 127]  665
[91, 106, 109, 127]  668
[55, 91, 106, 127]  661
[75, 91, 106, 127]  665
[16, 88, 91, 109]  651
[55, 88, 91, 109]  664
[85, 88, 91, 109]  657
[75, 88, 91, 109]  668
[34, 88, 91, 109]  651
[52, 88, 91, 109]  650
[52, 55, 88, 109]  650
[75, 85, 88, 109]  654
[19, 55, 124, 127]  655
[16, 19, 75, 127]  653
[19, 75, 124, 127]  659
[52, 55, 109, 127]  655
[52, 75, 109, 127]  652
[52, 91, 109, 127]  655
[52, 55, 91, 127]  655
[52, 75, 91, 127]  652
[37, 55, 106, 109]  656
[37, 52, 55, 109]  650
[52, 55, 88, 91]  650
[75, 85, 88, 91]  654
[55, 91, 106, 109]  661
[75, 91, 106, 109]  665
[55, 109, 124, 127]  661
[75, 109, 124, 127]  665
[91, 109, 124, 127]  668
[55, 91, 109, 124]  661
[75, 91, 109, 124]  665
[55, 91, 109, 127]  669
[16, 75, 109, 127]  653
[16, 91, 109, 127]  656
[75, 85, 109, 127]  654
[85, 91, 109, 127]  657
[75, 91, 109, 127]  673
[34, 75, 109, 127]  653
[34, 91, 109, 127]  656
[55, 91, 124, 127]  661
[75, 91, 124, 127]  665
[16, 75, 91, 127]  653
[16, 75, 91, 109]  653
[52, 55, 91, 109]  655
[75, 85, 91, 127]  654
[75, 85, 91, 109]  654
[34, 75, 91, 109]  653
[52, 75, 91, 109]  652
[34, 75, 91, 127]  653
[19, 72, 75, 88, 91]  653
[19, 72, 88, 91, 127]  653
[19, 72, 88, 91, 109]  653
[19, 55, 72, 75, 91]  651
[19, 55, 72, 91, 127]  651
[19, 55, 72, 91, 109]  651
[19, 37, 72, 75, 91]  653
[19, 37, 72, 91, 127]  653
[19, 37, 72, 91, 109]  653
[19, 72, 75, 91, 124]  650
[19, 72, 75, 91, 127]  658
[19, 72, 75, 91, 109]  658
[19, 72, 75, 91, 106]  650
[19, 72, 91, 124, 127]  650
[19, 72, 91, 109, 124]  650
[19, 72, 91, 109, 127]  658
[19, 72, 91, 106, 127]  650
[19, 72, 91, 106, 109]  650
[55, 72, 75, 88, 91]  652
[55, 72, 88, 91, 127]  652
[55, 72, 88, 91, 109]  652
[37, 72, 75, 88, 91]  654
[37, 72, 88, 91, 127]  654
[37, 72, 88, 91, 109]  654
[72, 75, 88, 91, 124]  651
[72, 75, 88, 91, 127]  659
[72, 75, 88, 91, 109]  659
[72, 75, 88, 91, 106]  651
[72, 88, 91, 124, 127]  651
[72, 88, 91, 109, 124]  651
[72, 88, 91, 109, 127]  659
[72, 88, 91, 106, 127]  651
[72, 88, 91, 106, 109]  651
[37, 55, 72, 75, 91]  652
[37, 55, 72, 91, 127]  652
[37, 55, 72, 91, 109]  652
[55, 72, 75, 91, 127]  657
[55, 72, 75, 91, 109]  657
[55, 72, 91, 109, 127]  657
[37, 72, 75, 91, 124]  651
[37, 72, 75, 91, 127]  659
[37, 72, 75, 91, 109]  659
[37, 72, 75, 91, 106]  651
[37, 72, 91, 124, 127]  651
[37, 72, 91, 109, 124]  651
[37, 72, 91, 109, 127]  659
[37, 72, 91, 106, 127]  651
[37, 72, 91, 106, 109]  651
[72, 75, 91, 124, 127]  656
[72, 75, 91, 109, 124]  656
[72, 75, 91, 109, 127]  664
[72, 75, 91, 106, 127]  656
[72, 75, 91, 106, 109]  656
[72, 91, 109, 124, 127]  656
[72, 91, 106, 109, 127]  656
[55, 85, 88, 109, 127]  650
[55, 85, 91, 109, 127]  650
[55, 85, 88, 91, 127]  650
[55, 85, 88, 91, 109]  650
[19, 85, 88, 91, 109]  651
[19, 85, 88, 91, 127]  651
[19, 85, 91, 109, 127]  651
[19, 37, 88, 91, 109]  660
[19, 37, 88, 91, 106]  652
[19, 37, 55, 88, 91]  653
[19, 37, 75, 88, 91]  657
[19, 37, 88, 91, 124]  652
[19, 37, 88, 91, 127]  660
[19, 88, 91, 106, 109]  657
[19, 55, 88, 91, 109]  658
[19, 75, 88, 91, 109]  662
[16, 19, 88, 91, 109]  651
[19, 88, 91, 109, 124]  657
[19, 88, 91, 109, 127]  665
[19, 55, 88, 91, 106]  650
[19, 75, 88, 91, 106]  654
[19, 88, 91, 106, 127]  657
[19, 55, 75, 88, 91]  655
[19, 55, 88, 91, 124]  650
[19, 55, 88, 91, 127]  658
[19, 75, 88, 91, 124]  654
[19, 75, 88, 91, 127]  662
[16, 19, 88, 91, 127]  651
[19, 88, 91, 124, 127]  657
[19, 37, 91, 106, 109]  657
[19, 37, 55, 91, 109]  658
[19, 37, 75, 91, 109]  662
[19, 34, 37, 91, 109]  650
[16, 19, 37, 91, 109]  651
[19, 37, 91, 109, 124]  657
[19, 37, 91, 109, 127]  665
[19, 37, 55, 91, 106]  650
[19, 37, 75, 91, 106]  654
[19, 37, 91, 106, 127]  657
[19, 37, 55, 75, 91]  655
[19, 37, 55, 91, 124]  650
[19, 37, 55, 91, 127]  658
[19, 37, 75, 91, 124]  654
[19, 37, 75, 91, 127]  662
[19, 34, 37, 91, 127]  650
[16, 19, 37, 91, 127]  651
[19, 37, 91, 124, 127]  657
[19, 55, 91, 106, 109]  655
[19, 75, 91, 106, 109]  659
[19, 91, 106, 109, 124]  654
[19, 91, 106, 109, 127]  662
[19, 55, 75, 91, 109]  660
[19, 55, 91, 109, 124]  655
[19, 55, 91, 109, 127]  663
[16, 19, 75, 91, 109]  653
[19, 75, 91, 109, 124]  659
[19, 75, 91, 109, 127]  667
[19, 34, 91, 109, 127]  650
[16, 19, 91, 109, 127]  656
[19, 91, 109, 124, 127]  662
[19, 55, 75, 91, 106]  652
[19, 55, 91, 106, 127]  655
[19, 75, 91, 106, 124]  651
[19, 75, 91, 106, 127]  659
[19, 91, 106, 124, 127]  654
[19, 55, 75, 91, 124]  652
[19, 55, 75, 91, 127]  660
[19, 55, 91, 124, 127]  655
[16, 19, 75, 91, 127]  653
[19, 75, 91, 124, 127]  659
[37, 72, 75, 88, 127]  654
[37, 72, 75, 88, 109]  654
[37, 72, 88, 109, 127]  654
[19, 72, 75, 88, 127]  653
[19, 72, 75, 88, 109]  653
[19, 72, 88, 109, 127]  653
[55, 72, 75, 88, 127]  652
[55, 72, 75, 88, 109]  652
[55, 72, 88, 109, 127]  652
[72, 75, 88, 124, 127]  651
[72, 75, 88, 109, 124]  651
[72, 75, 88, 106, 127]  651
[72, 75, 88, 109, 127]  659
[72, 75, 88, 106, 109]  651
[72, 88, 109, 124, 127]  651
[72, 88, 106, 109, 127]  651
[37, 85, 88, 91, 127]  652
[37, 85, 88, 91, 109]  652
[37, 85, 88, 109, 127]  652
[37, 85, 91, 109, 127]  652
[19, 85, 88, 109, 127]  651
[37, 55, 72, 75, 127]  652
[37, 55, 72, 75, 109]  652
[19, 55, 72, 75, 127]  651
[19, 55, 72, 75, 109]  651
[55, 72, 75, 109, 127]  657
[19, 37, 55, 75, 127]  655
[19, 37, 55, 75, 109]  655
[19, 37, 55, 75, 88]  650
[37, 55, 75, 124, 127]  653
[37, 55, 75, 106, 127]  653
[37, 55, 75, 109, 127]  661
[37, 55, 75, 88, 127]  656
[37, 55, 75, 91, 127]  661
[37, 55, 75, 109, 124]  653
[37, 55, 75, 91, 124]  653
[37, 55, 75, 106, 109]  653
[37, 55, 75, 91, 106]  653
[37, 55, 75, 88, 109]  656
[37, 55, 75, 91, 109]  661
[37, 55, 75, 88, 91]  656
[19, 55, 75, 124, 127]  652
[19, 55, 75, 106, 127]  652
[19, 55, 75, 109, 127]  660
[19, 55, 75, 88, 127]  655
[19, 55, 75, 109, 124]  652
[19, 55, 75, 106, 109]  652
[19, 55, 75, 88, 109]  655
[55, 75, 106, 124, 127]  650
[55, 75, 109, 124, 127]  658
[55, 75, 88, 124, 127]  653
[55, 75, 91, 124, 127]  658
[55, 75, 106, 109, 127]  658
[55, 75, 88, 106, 127]  653
[55, 75, 91, 106, 127]  658
[55, 75, 88, 109, 127]  661
[55, 75, 91, 109, 127]  666
[52, 55, 75, 109, 127]  652
[55, 75, 88, 91, 127]  661
[52, 55, 75, 91, 127]  652
[55, 75, 106, 109, 124]  650
[55, 75, 91, 106, 124]  650
[55, 75, 88, 109, 124]  653
[55, 75, 91, 109, 124]  658
[55, 75, 88, 91, 124]  653
[55, 75, 88, 106, 109]  653
[55, 75, 91, 106, 109]  658
[55, 75, 88, 91, 106]  653
[55, 75, 88, 91, 109]  661
[52, 55, 75, 91, 109]  652
[19, 37, 88, 124, 127]  652
[19, 37, 88, 109, 124]  652
[19, 37, 75, 88, 127]  657
[19, 37, 88, 106, 127]  652
[19, 37, 88, 109, 127]  660
[19, 37, 55, 88, 127]  653
[19, 37, 75, 88, 109]  657
[19, 37, 88, 106, 109]  652
[19, 37, 55, 88, 109]  653
[37, 88, 91, 124, 127]  658
[37, 75, 88, 91, 124]  655
[37, 88, 91, 106, 124]  650
[37, 88, 91, 109, 124]  658
[37, 55, 88, 91, 124]  651
[37, 75, 88, 91, 127]  663
[37, 88, 91, 106, 127]  658
[37, 88, 91, 109, 127]  666
[37, 55, 88, 91, 127]  659
[34, 37, 88, 91, 127]  651
[37, 75, 88, 91, 106]  655
[37, 75, 88, 91, 109]  663
[37, 88, 91, 106, 109]  658
[37, 55, 88, 91, 106]  651
[37, 55, 88, 91, 109]  659
[34, 37, 88, 91, 109]  651
[37, 75, 88, 124, 127]  655
[37, 88, 106, 124, 127]  650
[37, 88, 109, 124, 127]  658
[37, 55, 88, 124, 127]  651
[37, 75, 88, 109, 124]  655
[37, 88, 106, 109, 124]  650
[37, 55, 88, 109, 124]  651
[37, 75, 88, 106, 127]  655
[37, 75, 88, 109, 127]  663
[37, 88, 106, 109, 127]  658
[37, 55, 88, 106, 127]  651
[37, 55, 88, 109, 127]  659
[34, 37, 88, 109, 127]  651
[37, 75, 88, 106, 109]  655
[37, 55, 88, 106, 109]  651
[19, 88, 106, 109, 127]  657
[19, 55, 88, 106, 109]  650
[19, 75, 88, 106, 109]  654
[19, 88, 109, 124, 127]  657
[19, 55, 88, 109, 124]  650
[19, 75, 88, 109, 124]  654
[19, 55, 88, 109, 127]  658
[19, 75, 88, 109, 127]  662
[16, 19, 88, 109, 127]  651
[19, 55, 88, 106, 127]  650
[19, 75, 88, 106, 127]  654
[19, 55, 88, 124, 127]  650
[19, 75, 88, 124, 127]  654
[37, 55, 72, 109, 127]  652
[19, 55, 72, 109, 127]  651
[37, 75, 91, 124, 127]  660
[37, 75, 91, 109, 127]  668
[37, 75, 91, 106, 127]  660
[34, 37, 75, 91, 127]  653
[37, 75, 91, 109, 124]  660
[37, 75, 91, 106, 124]  652
[37, 75, 91, 106, 109]  660
[34, 37, 75, 91, 109]  653
[37, 91, 109, 124, 127]  663
[37, 91, 106, 124, 127]  655
[37, 55, 91, 124, 127]  656
[37, 91, 106, 109, 127]  663
[16, 37, 91, 109, 127]  651
[37, 55, 91, 109, 127]  664
[34, 37, 91, 109, 127]  656
[37, 52, 91, 109, 127]  650
[37, 55, 91, 106, 127]  656
[37, 52, 55, 91, 127]  650
[37, 91, 106, 109, 124]  655
[37, 55, 91, 109, 124]  656
[37, 55, 91, 106, 109]  656
[37, 52, 55, 91, 109]  650
[19, 37, 55, 106, 109]  650
[19, 55, 106, 109, 127]  655
[19, 72, 75, 106, 109]  650
[19, 37, 75, 106, 109]  654
[19, 75, 106, 109, 124]  651
[19, 75, 106, 109, 127]  659
[19, 72, 106, 109, 127]  650
[19, 37, 106, 109, 127]  657
[19, 106, 109, 124, 127]  654
[19, 37, 55, 109, 124]  650
[19, 37, 55, 109, 127]  658
[19, 55, 109, 124, 127]  655
[19, 37, 72, 75, 109]  653
[19, 72, 75, 109, 124]  650
[19, 72, 75, 109, 127]  658
[19, 37, 75, 109, 124]  654
[19, 37, 75, 109, 127]  662
[19, 75, 109, 124, 127]  659
[16, 19, 75, 109, 127]  653
[19, 37, 72, 109, 127]  653
[19, 72, 109, 124, 127]  650
[19, 37, 109, 124, 127]  657
[19, 34, 37, 109, 127]  650
[16, 19, 37, 109, 127]  651
[37, 72, 75, 124, 127]  651
[37, 72, 75, 109, 124]  651
[19, 37, 72, 75, 127]  653
[37, 72, 75, 109, 127]  659
[37, 72, 75, 106, 127]  651
[37, 72, 75, 106, 109]  651
[19, 72, 75, 124, 127]  650
[72, 75, 109, 124, 127]  656
[19, 72, 75, 106, 127]  650
[72, 75, 106, 109, 127]  656
[19, 75, 106, 124, 127]  651
[19, 37, 55, 106, 127]  650
[19, 37, 75, 106, 127]  654
[88, 106, 109, 124, 127]  655
[88, 91, 106, 124, 127]  655
[75, 88, 106, 124, 127]  652
[88, 91, 109, 124, 127]  663
[55, 88, 109, 124, 127]  656
[75, 88, 109, 124, 127]  660
[55, 88, 91, 124, 127]  656
[75, 88, 91, 124, 127]  660
[88, 91, 106, 109, 124]  655
[75, 88, 106, 109, 124]  652
[75, 88, 91, 106, 124]  652
[55, 88, 91, 109, 124]  656
[75, 88, 91, 109, 124]  660
[88, 91, 106, 109, 127]  663
[55, 88, 106, 109, 127]  656
[75, 88, 106, 109, 127]  660
[55, 88, 91, 106, 127]  656
[75, 88, 91, 106, 127]  660
[52, 88, 91, 109, 127]  650
[52, 55, 88, 109, 127]  650
[55, 88, 91, 109, 127]  664
[16, 88, 91, 109, 127]  651
[85, 88, 91, 109, 127]  657
[75, 88, 91, 109, 127]  668
[34, 88, 91, 109, 127]  651
[75, 85, 88, 109, 127]  654
[52, 55, 88, 91, 127]  650
[75, 85, 88, 91, 127]  654
[37, 72, 109, 124, 127]  651
[37, 72, 106, 109, 127]  651
[19, 37, 75, 124, 127]  654
[37, 75, 109, 124, 127]  660
[37, 75, 106, 124, 127]  652
[37, 75, 106, 109, 127]  660
[34, 37, 75, 109, 127]  653
[37, 75, 106, 109, 124]  652
[37, 106, 109, 124, 127]  655
[55, 106, 109, 124, 127]  653
[75, 106, 109, 124, 127]  657
[91, 106, 109, 124, 127]  660
[55, 91, 106, 124, 127]  653
[75, 91, 106, 124, 127]  657
[55, 91, 106, 109, 124]  653
[75, 91, 106, 109, 124]  657
[37, 55, 109, 124, 127]  656
[19, 37, 55, 124, 127]  650
[37, 55, 106, 109, 127]  656
[37, 52, 55, 109, 127]  650
[55, 88, 91, 106, 109]  656
[75, 88, 91, 106, 109]  660
[55, 91, 106, 109, 127]  661
[75, 91, 106, 109, 127]  665
[52, 55, 88, 91, 109]  650
[75, 85, 88, 91, 109]  654
[52, 55, 91, 109, 127]  655
[52, 75, 91, 109, 127]  652
[55, 91, 109, 124, 127]  661
[75, 91, 109, 124, 127]  665
[16, 75, 91, 109, 127]  653
[75, 85, 91, 109, 127]  654
[34, 75, 91, 109, 127]  653
[19, 72, 75, 88, 91, 127]  653
[19, 72, 75, 88, 91, 109]  653
[19, 72, 88, 91, 109, 127]  653
[19, 55, 72, 75, 91, 127]  651
[19, 55, 72, 75, 91, 109]  651
[19, 55, 72, 91, 109, 127]  651
[19, 37, 72, 75, 91, 127]  653
[19, 37, 72, 75, 91, 109]  653
[19, 37, 72, 91, 109, 127]  653
[19, 72, 75, 91, 124, 127]  650
[19, 72, 75, 91, 109, 124]  650
[19, 72, 75, 91, 109, 127]  658
[19, 72, 75, 91, 106, 127]  650
[19, 72, 75, 91, 106, 109]  650
[19, 72, 91, 109, 124, 127]  650
[19, 72, 91, 106, 109, 127]  650
[55, 72, 75, 88, 91, 127]  652
[55, 72, 75, 88, 91, 109]  652
[55, 72, 88, 91, 109, 127]  652
[37, 72, 75, 88, 91, 127]  654
[37, 72, 75, 88, 91, 109]  654
[37, 72, 88, 91, 109, 127]  654
[72, 75, 88, 91, 124, 127]  651
[72, 75, 88, 91, 109, 124]  651
[72, 75, 88, 91, 109, 127]  659
[72, 75, 88, 91, 106, 127]  651
[72, 75, 88, 91, 106, 109]  651
[72, 88, 91, 109, 124, 127]  651
[72, 88, 91, 106, 109, 127]  651
[37, 55, 72, 75, 91, 127]  652
[37, 55, 72, 75, 91, 109]  652
[37, 55, 72, 91, 109, 127]  652
[55, 72, 75, 91, 109, 127]  657
[37, 72, 75, 91, 124, 127]  651
[37, 72, 75, 91, 109, 124]  651
[37, 72, 75, 91, 109, 127]  659
[37, 72, 75, 91, 106, 127]  651
[37, 72, 75, 91, 106, 109]  651
[37, 72, 91, 109, 124, 127]  651
[37, 72, 91, 106, 109, 127]  651
[72, 75, 91, 109, 124, 127]  656
[72, 75, 91, 106, 109, 127]  656
[55, 85, 88, 91, 109, 127]  650
[19, 85, 88, 91, 109, 127]  651
[19, 37, 88, 91, 106, 109]  652
[19, 37, 55, 88, 91, 109]  653
[19, 37, 75, 88, 91, 109]  657
[19, 37, 88, 91, 109, 124]  652
[19, 37, 88, 91, 109, 127]  660
[19, 37, 88, 91, 106, 127]  652
[19, 37, 55, 75, 88, 91]  650
[19, 37, 55, 88, 91, 127]  653
[19, 37, 75, 88, 91, 127]  657
[19, 37, 88, 91, 124, 127]  652
[19, 55, 88, 91, 106, 109]  650
[19, 75, 88, 91, 106, 109]  654
[19, 88, 91, 106, 109, 127]  657
[19, 55, 75, 88, 91, 109]  655
[19, 55, 88, 91, 109, 124]  650
[19, 55, 88, 91, 109, 127]  658
[19, 75, 88, 91, 109, 124]  654
[19, 75, 88, 91, 109, 127]  662
[16, 19, 88, 91, 109, 127]  651
[19, 88, 91, 109, 124, 127]  657
[19, 55, 88, 91, 106, 127]  650
[19, 75, 88, 91, 106, 127]  654
[19, 55, 75, 88, 91, 127]  655
[19, 55, 88, 91, 124, 127]  650
[19, 75, 88, 91, 124, 127]  654
[19, 37, 55, 91, 106, 109]  650
[19, 37, 75, 91, 106, 109]  654
[19, 37, 91, 106, 109, 127]  657
[19, 37, 55, 75, 91, 109]  655
[19, 37, 55, 91, 109, 124]  650
[19, 37, 55, 91, 109, 127]  658
[19, 37, 75, 91, 109, 124]  654
[19, 37, 75, 91, 109, 127]  662
[19, 34, 37, 91, 109, 127]  650
[16, 19, 37, 91, 109, 127]  651
[19, 37, 91, 109, 124, 127]  657
[19, 37, 55, 91, 106, 127]  650
[19, 37, 75, 91, 106, 127]  654
[19, 37, 55, 75, 91, 127]  655
[19, 37, 55, 91, 124, 127]  650
[19, 37, 75, 91, 124, 127]  654
[19, 55, 75, 91, 106, 109]  652
[19, 55, 91, 106, 109, 127]  655
[19, 75, 91, 106, 109, 124]  651
[19, 75, 91, 106, 109, 127]  659
[19, 91, 106, 109, 124, 127]  654
[19, 55, 75, 91, 109, 124]  652
[19, 55, 75, 91, 109, 127]  660
[19, 55, 91, 109, 124, 127]  655
[16, 19, 75, 91, 109, 127]  653
[19, 75, 91, 109, 124, 127]  659
[19, 55, 75, 91, 106, 127]  652
[19, 75, 91, 106, 124, 127]  651
[19, 55, 75, 91, 124, 127]  652
[37, 72, 75, 88, 109, 127]  654
[19, 72, 75, 88, 109, 127]  653
[55, 72, 75, 88, 109, 127]  652
[72, 75, 88, 109, 124, 127]  651
[72, 75, 88, 106, 109, 127]  651
[37, 85, 88, 91, 109, 127]  652
[37, 55, 72, 75, 109, 127]  652
[19, 55, 72, 75, 109, 127]  651
[19, 37, 55, 75, 109, 127]  655
[19, 37, 55, 75, 88, 127]  650
[19, 37, 55, 75, 88, 109]  650
[37, 55, 75, 109, 124, 127]  653
[37, 55, 75, 91, 124, 127]  653
[37, 55, 75, 106, 109, 127]  653
[37, 55, 75, 91, 106, 127]  653
[37, 55, 75, 88, 109, 127]  656
[37, 55, 75, 91, 109, 127]  661
[37, 55, 75, 88, 91, 127]  656
[37, 55, 75, 91, 109, 124]  653
[37, 55, 75, 91, 106, 109]  653
[37, 55, 75, 88, 91, 109]  656
[19, 55, 75, 109, 124, 127]  652
[19, 55, 75, 106, 109, 127]  652
[19, 55, 75, 88, 109, 127]  655
[55, 75, 106, 109, 124, 127]  650
[55, 75, 91, 106, 124, 127]  650
[55, 75, 88, 109, 124, 127]  653
[55, 75, 91, 109, 124, 127]  658
[55, 75, 88, 91, 124, 127]  653
[55, 75, 88, 106, 109, 127]  653
[55, 75, 91, 106, 109, 127]  658
[55, 75, 88, 91, 106, 127]  653
[55, 75, 88, 91, 109, 127]  661
[52, 55, 75, 91, 109, 127]  652
[55, 75, 91, 106, 109, 124]  650
[55, 75, 88, 91, 109, 124]  653
[55, 75, 88, 91, 106, 109]  653
[19, 37, 88, 109, 124, 127]  652
[19, 37, 75, 88, 109, 127]  657
[19, 37, 88, 106, 109, 127]  652
[19, 37, 55, 88, 109, 127]  653
[37, 75, 88, 91, 124, 127]  655
[37, 88, 91, 106, 124, 127]  650
[37, 88, 91, 109, 124, 127]  658
[37, 55, 88, 91, 124, 127]  651
[37, 75, 88, 91, 109, 124]  655
[37, 88, 91, 106, 109, 124]  650
[37, 55, 88, 91, 109, 124]  651
[37, 75, 88, 91, 106, 127]  655
[37, 75, 88, 91, 109, 127]  663
[37, 88, 91, 106, 109, 127]  658
[37, 55, 88, 91, 106, 127]  651
[37, 55, 88, 91, 109, 127]  659
[34, 37, 88, 91, 109, 127]  651
[37, 75, 88, 91, 106, 109]  655
[37, 55, 88, 91, 106, 109]  651
[37, 75, 88, 109, 124, 127]  655
[37, 88, 106, 109, 124, 127]  650
[37, 55, 88, 109, 124, 127]  651
[37, 75, 88, 106, 109, 127]  655
[37, 55, 88, 106, 109, 127]  651
[19, 55, 88, 106, 109, 127]  650
[19, 75, 88, 106, 109, 127]  654
[19, 55, 88, 109, 124, 127]  650
[19, 75, 88, 109, 124, 127]  654
[37, 75, 91, 109, 124, 127]  660
[37, 75, 91, 106, 124, 127]  652
[37, 75, 91, 106, 109, 127]  660
[34, 37, 75, 91, 109, 127]  653
[37, 75, 91, 106, 109, 124]  652
[37, 91, 106, 109, 124, 127]  655
[37, 55, 91, 109, 124, 127]  656
[37, 55, 91, 106, 109, 127]  656
[37, 52, 55, 91, 109, 127]  650
[19, 37, 55, 106, 109, 127]  650
[19, 72, 75, 106, 109, 127]  650
[19, 37, 75, 106, 109, 127]  654
[19, 75, 106, 109, 124, 127]  651
[19, 37, 55, 109, 124, 127]  650
[19, 37, 72, 75, 109, 127]  653
[19, 72, 75, 109, 124, 127]  650
[19, 37, 75, 109, 124, 127]  654
[37, 72, 75, 109, 124, 127]  651
[37, 72, 75, 106, 109, 127]  651
[88, 91, 106, 109, 124, 127]  655
[75, 88, 106, 109, 124, 127]  652
[75, 88, 91, 106, 124, 127]  652
[55, 88, 91, 109, 124, 127]  656
[75, 88, 91, 109, 124, 127]  660
[75, 88, 91, 106, 109, 124]  652
[55, 88, 91, 106, 109, 127]  656
[75, 88, 91, 106, 109, 127]  660
[52, 55, 88, 91, 109, 127]  650
[75, 85, 88, 91, 109, 127]  654
[37, 75, 106, 109, 124, 127]  652
[55, 91, 106, 109, 124, 127]  653
[75, 91, 106, 109, 124, 127]  657
[19, 72, 75, 88, 91, 109, 127]  653
[19, 55, 72, 75, 91, 109, 127]  651
[19, 37, 72, 75, 91, 109, 127]  653
[19, 72, 75, 91, 109, 124, 127]  650
[19, 72, 75, 91, 106, 109, 127]  650
[55, 72, 75, 88, 91, 109, 127]  652
[37, 72, 75, 88, 91, 109, 127]  654
[72, 75, 88, 91, 109, 124, 127]  651
[72, 75, 88, 91, 106, 109, 127]  651
[37, 55, 72, 75, 91, 109, 127]  652
[37, 72, 75, 91, 109, 124, 127]  651
[37, 72, 75, 91, 106, 109, 127]  651
[19, 37, 88, 91, 106, 109, 127]  652
[19, 37, 55, 75, 88, 91, 109]  650
[19, 37, 55, 88, 91, 109, 127]  653
[19, 37, 75, 88, 91, 109, 127]  657
[19, 37, 88, 91, 109, 124, 127]  652
[19, 37, 55, 75, 88, 91, 127]  650
[19, 55, 88, 91, 106, 109, 127]  650
[19, 75, 88, 91, 106, 109, 127]  654
[19, 55, 75, 88, 91, 109, 127]  655
[19, 55, 88, 91, 109, 124, 127]  650
[19, 75, 88, 91, 109, 124, 127]  654
[19, 37, 55, 91, 106, 109, 127]  650
[19, 37, 75, 91, 106, 109, 127]  654
[19, 37, 55, 75, 91, 109, 127]  655
[19, 37, 55, 91, 109, 124, 127]  650
[19, 37, 75, 91, 109, 124, 127]  654
[19, 55, 75, 91, 106, 109, 127]  652
[19, 75, 91, 106, 109, 124, 127]  651
[19, 55, 75, 91, 109, 124, 127]  652
[19, 37, 55, 75, 88, 109, 127]  650
[37, 55, 75, 91, 109, 124, 127]  653
[37, 55, 75, 91, 106, 109, 127]  653
[37, 55, 75, 88, 91, 109, 127]  656
[55, 75, 91, 106, 109, 124, 127]  650
[55, 75, 88, 91, 109, 124, 127]  653
[55, 75, 88, 91, 106, 109, 127]  653
[37, 75, 88, 91, 109, 124, 127]  655
[37, 88, 91, 106, 109, 124, 127]  650
[37, 55, 88, 91, 109, 124, 127]  651
[37, 75, 88, 91, 106, 109, 127]  655
[37, 55, 88, 91, 106, 109, 127]  651
[37, 75, 91, 106, 109, 124, 127]  652
[75, 88, 91, 106, 109, 124, 127]  652
[19, 37, 55, 75, 88, 91, 109, 127]  650
