34  3275
37  3374
19  3368
16  3279
109  3391
106  3354
103  3259
91  3395
88  3370
85  3293
127  3384
124  3341
72  3327
75  3383
55  3375
52  3270
[72, 91]  3325
[55, 85]  3271
[19, 91]  3366
[72, 88]  3300
[37, 85]  3270
[19, 85]  3264
[55, 75]  3361
[55, 72]  3305
[37, 88]  3347
[19, 88]  3341
[37, 91]  3372
[19, 109]  3362
[72, 75]  3327
[19, 106]  3325
[88, 124]  3314
[88, 127]  3357
[37, 72]  3304
[37, 75]  3360
[106, 124]  3298
[37, 127]  3361
[37, 124]  3318
[72, 124]  3271
[88, 106]  3327
[106, 127]  3341
[88, 109]  3364
[19, 55]  3346
[72, 127]  3314
[19, 75]  3354
[72, 109]  3321
[52, 127]  3257
[37, 109]  3368
[72, 106]  3284
[88, 91]  3370
[106, 109]  3354
[37, 106]  3331
[19, 72]  3298
[109, 124]  3335
[109, 127]  3378
[55, 127]  3362
[124, 127]  3341
[19, 37]  3345
[55, 124]  3319
[16, 127]  3266
[16, 91]  3277
[16, 88]  3252
[55, 106]  3332
[55, 109]  3369
[16, 109]  3273
[55, 88]  3348
[55, 91]  3373
[85, 127]  3280
[16, 37]  3256
[85, 109]  3287
[34, 55]  3253
[103, 109]  3259
[75, 109]  3377
[85, 106]  3250
[75, 106]  3340
[103, 106]  3259
[16, 19]  3279
[34, 37]  3275
[75, 127]  3370
[75, 124]  3327
[85, 91]  3293
[85, 88]  3293
[16, 75]  3265
[91, 124]  3339
[34, 91]  3273
[91, 127]  3382
[34, 75]  3261
[16, 55]  3257
[91, 103]  3257
[52, 109]  3264
[34, 127]  3262
[34, 109]  3269
[52, 91]  3268
[91, 106]  3352
[91, 109]  3389
[75, 85]  3279
[37, 55]  3352
[75, 88]  3356
[19, 127]  3355
[52, 75]  3256
[19, 124]  3312
[52, 55]  3270
[75, 91]  3381
[19, 72, 91]  3296
[72, 88, 91]  3300
[55, 72, 91]  3303
[37, 72, 91]  3302
[72, 75, 91]  3325
[72, 91, 124]  3269
[72, 91, 127]  3312
[72, 91, 109]  3319
[72, 91, 106]  3282
[55, 75, 85]  3257
[55, 85, 127]  3258
[55, 85, 109]  3265
[55, 85, 88]  3271
[55, 85, 91]  3271
[19, 85, 91]  3264
[19, 88, 91]  3341
[19, 37, 91]  3343
[19, 91, 109]  3360
[19, 91, 106]  3323
[19, 55, 91]  3344
[19, 75, 91]  3352
[16, 19, 91]  3277
[19, 91, 124]  3310
[19, 91, 127]  3353
[55, 72, 88]  3278
[37, 72, 88]  3277
[19, 72, 88]  3271
[72, 75, 88]  3300
[72, 88, 127]  3287
[72, 88, 106]  3257
[72, 88, 109]  3294
[37, 85, 88]  3270
[37, 85, 91]  3270
[37, 75, 85]  3256
[37, 85, 127]  3257
[37, 85, 109]  3264
[19, 85, 88]  3264
[19, 85, 109]  3258
[19, 75, 85]  3250
[19, 85, 127]  3251
[55, 72, 75]  3305
[37, 55, 75]  3338
[19, 55, 75]  3332
[55, 75, 127]  3348
[55, 75, 124]  3305
[55, 75, 106]  3318
[55, 75, 109]  3355
[55, 75, 88]  3334
[55, 75, 91]  3359
[52, 55, 75]  3256
[37, 55, 72]  3282
[19, 55, 72]  3276
[55, 72, 127]  3292
[55, 72, 109]  3299
[55, 72, 106]  3262
[19, 37, 88]  3318
[37, 88, 91]  3347
[37, 88, 124]  3291
[37, 88, 127]  3334
[37, 75, 88]  3333
[37, 88, 106]  3304
[37, 88, 109]  3341
[37, 55, 88]  3325
[19, 88, 109]  3335
[19, 88, 106]  3298
[19, 88, 124]  3285
[19, 88, 127]  3328
[19, 55, 88]  3319
[19, 75, 88]  3327
[16, 19, 88]  3252
[37, 75, 91]  3358
[37, 91, 127]  3359
[37, 91, 124]  3316
[37, 91, 109]  3366
[37, 91, 106]  3329
[16, 37, 91]  3254
[37, 55, 91]  3350
[34, 37, 91]  3273
[19, 106, 109]  3325
[19, 55, 109]  3340
[19, 75, 109]  3348
[19, 72, 109]  3292
[19, 37, 109]  3339
[19, 109, 124]  3306
[19, 109, 127]  3349
[16, 19, 109]  3273
[37, 72, 75]  3304
[72, 75, 124]  3271
[72, 75, 127]  3314
[19, 72, 75]  3298
[72, 75, 109]  3321
[72, 75, 106]  3284
[19, 106, 124]  3269
[19, 106, 127]  3312
[19, 55, 106]  3303
[19, 75, 106]  3311
[19, 72, 106]  3255
[19, 37, 106]  3302
[88, 124, 127]  3314
[88, 106, 124]  3271
[88, 109, 124]  3308
[88, 91, 124]  3314
[55, 88, 124]  3292
[75, 88, 124]  3300
[88, 106, 127]  3314
[88, 109, 127]  3351
[88, 91, 127]  3357
[55, 88, 127]  3335
[85, 88, 127]  3280
[75, 88, 127]  3343
[37, 72, 127]  3291
[37, 72, 109]  3298
[37, 72, 106]  3261
[19, 37, 72]  3275
[37, 75, 127]  3347
[37, 75, 124]  3304
[19, 37, 75]  3331
[37, 75, 109]  3354
[37, 75, 106]  3317
[34, 37, 75]  3261
[37, 106, 124]  3275
[106, 124, 127]  3298
[106, 109, 124]  3298
[55, 106, 124]  3276
[75, 106, 124]  3284
[91, 106, 124]  3296
[37, 124, 127]  3318
[37, 106, 127]  3318
[37, 109, 127]  3355
[37, 55, 127]  3339
[19, 37, 127]  3332
[34, 37, 127]  3262
[37, 109, 124]  3312
[19, 37, 124]  3289
[37, 55, 124]  3296
[72, 124, 127]  3271
[72, 109, 124]  3265
[88, 106, 109]  3327
[88, 91, 106]  3327
[55, 88, 106]  3305
[85, 88, 106]  3250
[75, 88, 106]  3313
[72, 106, 127]  3271
[106, 109, 127]  3341
[55, 106, 127]  3319
[75, 106, 127]  3327
[91, 106, 127]  3339
[88, 91, 109]  3364
[55, 88, 109]  3342
[85, 88, 109]  3287
[75, 88, 109]  3350
[19, 55, 127]  3333
[19, 37, 55]  3323
[19, 55, 124]  3290
[16, 19, 55]  3257
[72, 109, 127]  3308
[19, 72, 127]  3285
[16, 19, 75]  3265
[19, 75, 127]  3341
[19, 75, 124]  3298
[72, 106, 109]  3284
[52, 109, 127]  3251
[52, 55, 127]  3257
[52, 91, 127]  3255
[37, 106, 109]  3331
[37, 55, 109]  3346
[16, 37, 109]  3250
[34, 37, 109]  3269
[16, 88, 91]  3252
[55, 88, 91]  3348
[85, 88, 91]  3293
[75, 88, 91]  3356
[55, 106, 109]  3332
[85, 106, 109]  3250
[103, 106, 109]  3259
[75, 106, 109]  3340
[91, 106, 109]  3352
[37, 55, 106]  3309
[109, 124, 127]  3335
[55, 109, 124]  3313
[75, 109, 124]  3321
[91, 109, 124]  3333
[55, 109, 127]  3356
[16, 109, 127]  3260
[85, 109, 127]  3274
[75, 109, 127]  3364
[91, 109, 127]  3376
[34, 109, 127]  3256
[55, 124, 127]  3319
[55, 91, 127]  3360
[75, 124, 127]  3327
[91, 124, 127]  3339
[19, 124, 127]  3312
[16, 19, 37]  3256
[55, 91, 124]  3317
[16, 91, 127]  3264
[16, 19, 127]  3266
[16, 75, 127]  3252
[16, 91, 109]  3271
[16, 55, 91]  3255
[16, 75, 91]  3263
[55, 91, 106]  3330
[16, 55, 109]  3251
[55, 91, 109]  3367
[52, 55, 109]  3264
[16, 75, 109]  3259
[34, 55, 91]  3251
[52, 55, 91]  3268
[75, 85, 127]  3266
[85, 91, 127]  3280
[75, 85, 109]  3273
[85, 91, 109]  3287
[34, 37, 55]  3253
[91, 103, 109]  3257
[34, 75, 109]  3255
[52, 75, 109]  3250
[75, 91, 109]  3375
[85, 91, 106]  3250
[75, 91, 106]  3338
[91, 103, 106]  3257
[75, 91, 127]  3368
[75, 91, 124]  3325
[75, 85, 91]  3279
[75, 85, 88]  3279
[34, 91, 127]  3260
[34, 75, 91]  3259
[34, 91, 109]  3267
[52, 91, 109]  3262
[52, 75, 91]  3254
[19, 72, 88, 91]  3271
[19, 55, 72, 91]  3274
[19, 37, 72, 91]  3273
[19, 72, 75, 91]  3296
[19, 72, 91, 127]  3283
[19, 72, 91, 109]  3290
[19, 72, 91, 106]  3253
[55, 72, 88, 91]  3278
[37, 72, 88, 91]  3277
[72, 75, 88, 91]  3300
[72, 88, 91, 127]  3287
[72, 88, 91, 109]  3294
[72, 88, 91, 106]  3257
[37, 55, 72, 91]  3280
[55, 72, 75, 91]  3303
[55, 72, 91, 127]  3290
[55, 72, 91, 109]  3297
[55, 72, 91, 106]  3260
[37, 72, 75, 91]  3302
[37, 72, 91, 127]  3289
[37, 72, 91, 109]  3296
[37, 72, 91, 106]  3259
[72, 75, 91, 124]  3269
[72, 75, 91, 127]  3312
[72, 75, 91, 109]  3319
[72, 75, 91, 106]  3282
[72, 91, 124, 127]  3269
[72, 91, 109, 124]  3263
[72, 91, 109, 127]  3306
[72, 91, 106, 127]  3269
[72, 91, 106, 109]  3282
[55, 75, 85, 109]  3251
[55, 75, 85, 88]  3257
[55, 75, 85, 91]  3257
[55, 85, 109, 127]  3252
[55, 85, 88, 127]  3258
[55, 85, 91, 127]  3258
[55, 85, 88, 109]  3265
[55, 85, 91, 109]  3265
[55, 85, 88, 91]  3271
[19, 85, 88, 91]  3264
[19, 85, 91, 109]  3258
[19, 75, 85, 91]  3250
[19, 85, 91, 127]  3251
[19, 37, 88, 91]  3318
[19, 88, 91, 109]  3335
[19, 88, 91, 106]  3298
[19, 55, 88, 91]  3319
[19, 75, 88, 91]  3327
[16, 19, 88, 91]  3252
[19, 88, 91, 124]  3285
[19, 88, 91, 127]  3328
[19, 37, 91, 109]  3337
[19, 37, 91, 106]  3300
[19, 37, 55, 91]  3321
[19, 37, 75, 91]  3329
[16, 19, 37, 91]  3254
[19, 37, 91, 124]  3287
[19, 37, 91, 127]  3330
[19, 91, 106, 109]  3323
[19, 55, 91, 109]  3338
[19, 75, 91, 109]  3346
[16, 19, 91, 109]  3271
[19, 91, 109, 124]  3304
[19, 91, 109, 127]  3347
[19, 55, 91, 106]  3301
[19, 75, 91, 106]  3309
[19, 91, 106, 124]  3267
[19, 91, 106, 127]  3310
[19, 55, 75, 91]  3330
[16, 19, 55, 91]  3255
[19, 55, 91, 124]  3288
[19, 55, 91, 127]  3331
[16, 19, 75, 91]  3263
[19, 75, 91, 124]  3296
[19, 75, 91, 127]  3339
[16, 19, 91, 127]  3264
[19, 91, 124, 127]  3310
[37, 55, 72, 88]  3255
[55, 72, 75, 88]  3278
[55, 72, 88, 127]  3265
[55, 72, 88, 109]  3272
[37, 72, 75, 88]  3277
[37, 72, 88, 127]  3264
[37, 72, 88, 109]  3271
[19, 72, 75, 88]  3271
[19, 72, 88, 127]  3258
[19, 72, 88, 109]  3265
[72, 75, 88, 127]  3287
[72, 75, 88, 106]  3257
[72, 75, 88, 109]  3294
[72, 88, 109, 127]  3281
[72, 88, 106, 109]  3257
[37, 85, 88, 91]  3270
[37, 75, 85, 88]  3256
[37, 85, 88, 127]  3257
[37, 85, 88, 109]  3264
[37, 75, 85, 91]  3256
[37, 85, 91, 127]  3257
[37, 85, 91, 109]  3264
[37, 75, 85, 109]  3250
[37, 85, 109, 127]  3251
[19, 85, 88, 109]  3258
[19, 75, 85, 88]  3250
[19, 85, 88, 127]  3251
[37, 55, 72, 75]  3282
[19, 55, 72, 75]  3276
[55, 72, 75, 127]  3292
[55, 72, 75, 106]  3262
[55, 72, 75, 109]  3299
[19, 37, 55, 75]  3309
[37, 55, 75, 127]  3325
[37, 55, 75, 124]  3282
[37, 55, 75, 106]  3295
[37, 55, 75, 109]  3332
[37, 55, 75, 88]  3311
[37, 55, 75, 91]  3336
[19, 55, 75, 127]  3319
[19, 55, 75, 124]  3276
[19, 55, 75, 106]  3289
[19, 55, 75, 109]  3326
[19, 55, 75, 88]  3305
[55, 75, 124, 127]  3305
[55, 75, 106, 127]  3305
[55, 75, 109, 127]  3342
[55, 75, 88, 127]  3321
[55, 75, 91, 127]  3346
[55, 75, 106, 124]  3262
[55, 75, 109, 124]  3299
[55, 75, 88, 124]  3278
[55, 75, 91, 124]  3303
[55, 75, 106, 109]  3318
[55, 75, 88, 106]  3291
[55, 75, 91, 106]  3316
[55, 75, 88, 109]  3328
[55, 75, 91, 109]  3353
[52, 55, 75, 109]  3250
[55, 75, 88, 91]  3334
[52, 55, 75, 91]  3254
[19, 37, 55, 72]  3253
[37, 55, 72, 127]  3269
[37, 55, 72, 109]  3276
[19, 55, 72, 127]  3263
[19, 55, 72, 109]  3270
[55, 72, 109, 127]  3286
[55, 72, 106, 109]  3262
[19, 37, 88, 124]  3262
[19, 37, 88, 127]  3305
[19, 37, 75, 88]  3304
[19, 37, 88, 106]  3275
[19, 37, 88, 109]  3312
[19, 37, 55, 88]  3296
[37, 88, 91, 124]  3291
[37, 88, 91, 127]  3334
[37, 75, 88, 91]  3333
[37, 88, 91, 106]  3304
[37, 88, 91, 109]  3341
[37, 55, 88, 91]  3325
[37, 88, 124, 127]  3291
[37, 75, 88, 124]  3277
[37, 88, 109, 124]  3285
[37, 55, 88, 124]  3269
[37, 75, 88, 127]  3320
[37, 88, 106, 127]  3291
[37, 88, 109, 127]  3328
[37, 55, 88, 127]  3312
[37, 75, 88, 106]  3290
[37, 75, 88, 109]  3327
[37, 88, 106, 109]  3304
[37, 55, 88, 106]  3282
[37, 55, 88, 109]  3319
[19, 88, 106, 109]  3298
[19, 88, 109, 124]  3279
[19, 88, 109, 127]  3322
[19, 55, 88, 109]  3313
[19, 75, 88, 109]  3321
[19, 88, 106, 127]  3285
[19, 55, 88, 106]  3276
[19, 75, 88, 106]  3284
[19, 88, 124, 127]  3285
[19, 55, 88, 124]  3263
[19, 75, 88, 124]  3271
[19, 55, 88, 127]  3306
[19, 75, 88, 127]  3314
[37, 75, 91, 127]  3345
[37, 75, 91, 124]  3302
[37, 75, 91, 109]  3352
[37, 75, 91, 106]  3315
[34, 37, 75, 91]  3259
[37, 91, 124, 127]  3316
[37, 91, 109, 127]  3353
[37, 91, 106, 127]  3316
[37, 55, 91, 127]  3337
[34, 37, 91, 127]  3260
[37, 91, 109, 124]  3310
[37, 91, 106, 124]  3273
[37, 55, 91, 124]  3294
[37, 91, 106, 109]  3329
[37, 55, 91, 109]  3344
[34, 37, 91, 109]  3267
[37, 55, 91, 106]  3307
[34, 37, 55, 91]  3251
[19, 55, 106, 109]  3303
[19, 75, 106, 109]  3311
[19, 72, 106, 109]  3255
[19, 37, 106, 109]  3302
[19, 106, 109, 124]  3269
[19, 106, 109, 127]  3312
[19, 37, 55, 109]  3317
[19, 55, 109, 124]  3284
[19, 55, 109, 127]  3327
[16, 19, 55, 109]  3251
[19, 72, 75, 109]  3292
[19, 37, 75, 109]  3325
[19, 75, 109, 124]  3292
[19, 75, 109, 127]  3335
[16, 19, 75, 109]  3259
[19, 37, 72, 109]  3269
[19, 72, 109, 127]  3279
[19, 37, 109, 124]  3283
[19, 37, 109, 127]  3326
[16, 19, 37, 109]  3250
[19, 109, 124, 127]  3306
[16, 19, 109, 127]  3260
[37, 72, 75, 127]  3291
[19, 37, 72, 75]  3275
[37, 72, 75, 109]  3298
[37, 72, 75, 106]  3261
[72, 75, 124, 127]  3271
[72, 75, 109, 124]  3265
[19, 72, 75, 127]  3285
[72, 75, 109, 127]  3308
[72, 75, 106, 127]  3271
[19, 72, 75, 106]  3255
[72, 75, 106, 109]  3284
[19, 106, 124, 127]  3269
[19, 75, 106, 124]  3255
[19, 55, 106, 127]  3290
[19, 75, 106, 127]  3298
[19, 37, 106, 127]  3289
[19, 37, 55, 106]  3280
[19, 37, 75, 106]  3288
[88, 106, 124, 127]  3271
[88, 109, 124, 127]  3308
[88, 91, 124, 127]  3314
[55, 88, 124, 127]  3292
[75, 88, 124, 127]  3300
[88, 106, 109, 124]  3271
[88, 91, 106, 124]  3271
[75, 88, 106, 124]  3257
[88, 91, 109, 124]  3308
[55, 88, 109, 124]  3286
[75, 88, 109, 124]  3294
[55, 88, 91, 124]  3292
[75, 88, 91, 124]  3300
[88, 106, 109, 127]  3314
[88, 91, 106, 127]  3314
[55, 88, 106, 127]  3292
[75, 88, 106, 127]  3300
[88, 91, 109, 127]  3351
[55, 88, 109, 127]  3329
[85, 88, 109, 127]  3274
[75, 88, 109, 127]  3337
[55, 88, 91, 127]  3335
[85, 88, 91, 127]  3280
[75, 88, 91, 127]  3343
[75, 85, 88, 127]  3266
[37, 72, 109, 127]  3285
[19, 37, 72, 127]  3262
[37, 72, 106, 109]  3261
[37, 75, 124, 127]  3304
[19, 37, 75, 127]  3318
[37, 75, 109, 127]  3341
[37, 75, 106, 127]  3304
[19, 37, 75, 124]  3275
[37, 75, 109, 124]  3298
[37, 75, 106, 124]  3261
[37, 75, 106, 109]  3317
[34, 37, 75, 109]  3255
[37, 106, 124, 127]  3275
[37, 106, 109, 124]  3275
[37, 55, 106, 124]  3253
[106, 109, 124, 127]  3298
[55, 106, 124, 127]  3276
[75, 106, 124, 127]  3284
[91, 106, 124, 127]  3296
[55, 106, 109, 124]  3276
[75, 106, 109, 124]  3284
[91, 106, 109, 124]  3296
[55, 91, 106, 124]  3274
[75, 91, 106, 124]  3282
[37, 109, 124, 127]  3312
[37, 55, 124, 127]  3296
[19, 37, 124, 127]  3289
[37, 106, 109, 127]  3318
[37, 55, 106, 127]  3296
[37, 55, 109, 127]  3333
[34, 37, 109, 127]  3256
[19, 37, 55, 127]  3310
[37, 55, 109, 124]  3290
[19, 37, 55, 124]  3267
[72, 109, 124, 127]  3265
[88, 91, 106, 109]  3327
[55, 88, 106, 109]  3305
[85, 88, 106, 109]  3250
[75, 88, 106, 109]  3313
[55, 88, 91, 106]  3305
[85, 88, 91, 106]  3250
[75, 88, 91, 106]  3313
[72, 106, 109, 127]  3271
[55, 106, 109, 127]  3319
[75, 106, 109, 127]  3327
[91, 106, 109, 127]  3339
[55, 91, 106, 127]  3317
[75, 91, 106, 127]  3325
[55, 88, 91, 109]  3342
[85, 88, 91, 109]  3287
[75, 88, 91, 109]  3350
[75, 85, 88, 109]  3273
[19, 55, 124, 127]  3290
[16, 19, 75, 127]  3252
[19, 75, 124, 127]  3298
[52, 55, 109, 127]  3251
[52, 55, 91, 127]  3255
[37, 55, 106, 109]  3309
[75, 85, 88, 91]  3279
[55, 91, 106, 109]  3330
[85, 91, 106, 109]  3250
[91, 103, 106, 109]  3257
[75, 91, 106, 109]  3338
[55, 109, 124, 127]  3313
[75, 109, 124, 127]  3321
[91, 109, 124, 127]  3333
[55, 91, 109, 124]  3311
[75, 91, 109, 124]  3319
[55, 91, 109, 127]  3354
[16, 91, 109, 127]  3258
[75, 85, 109, 127]  3260
[85, 91, 109, 127]  3274
[75, 91, 109, 127]  3362
[34, 91, 109, 127]  3254
[55, 91, 124, 127]  3317
[75, 91, 124, 127]  3325
[16, 75, 91, 127]  3250
[16, 75, 91, 109]  3257
[52, 55, 91, 109]  3262
[75, 85, 91, 127]  3266
[75, 85, 91, 109]  3273
[34, 75, 91, 109]  3253
[19, 72, 75, 88, 91]  3271
[19, 72, 88, 91, 127]  3258
[19, 72, 88, 91, 109]  3265
[19, 37, 55, 72, 91]  3251
[19, 55, 72, 75, 91]  3274
[19, 55, 72, 91, 127]  3261
[19, 55, 72, 91, 109]  3268
[19, 37, 72, 75, 91]  3273
[19, 37, 72, 91, 127]  3260
[19, 37, 72, 91, 109]  3267
[19, 72, 75, 91, 127]  3283
[19, 72, 75, 91, 109]  3290
[19, 72, 75, 91, 106]  3253
[19, 72, 91, 109, 127]  3277
[19, 72, 91, 106, 109]  3253
[37, 55, 72, 88, 91]  3255
[55, 72, 75, 88, 91]  3278
[55, 72, 88, 91, 127]  3265
[55, 72, 88, 91, 109]  3272
[37, 72, 75, 88, 91]  3277
[37, 72, 88, 91, 127]  3264
[37, 72, 88, 91, 109]  3271
[72, 75, 88, 91, 127]  3287
[72, 75, 88, 91, 109]  3294
[72, 75, 88, 91, 106]  3257
[72, 88, 91, 109, 127]  3281
[72, 88, 91, 106, 109]  3257
[37, 55, 72, 75, 91]  3280
[37, 55, 72, 91, 127]  3267
[37, 55, 72, 91, 109]  3274
[55, 72, 75, 91, 127]  3290
[55, 72, 75, 91, 109]  3297
[55, 72, 75, 91, 106]  3260
[55, 72, 91, 109, 127]  3284
[55, 72, 91, 106, 109]  3260
[37, 72, 75, 91, 127]  3289
[37, 72, 75, 91, 109]  3296
[37, 72, 75, 91, 106]  3259
[37, 72, 91, 109, 127]  3283
[37, 72, 91, 106, 109]  3259
[72, 75, 91, 124, 127]  3269
[72, 75, 91, 109, 124]  3263
[72, 75, 91, 109, 127]  3306
[72, 75, 91, 106, 127]  3269
[72, 75, 91, 106, 109]  3282
[72, 91, 109, 124, 127]  3263
[72, 91, 106, 109, 127]  3269
[55, 75, 85, 88, 109]  3251
[55, 75, 85, 91, 109]  3251
[55, 75, 85, 88, 91]  3257
[55, 85, 88, 109, 127]  3252
[55, 85, 91, 109, 127]  3252
[55, 85, 88, 91, 127]  3258
[55, 85, 88, 91, 109]  3265
[19, 85, 88, 91, 109]  3258
[19, 75, 85, 88, 91]  3250
[19, 85, 88, 91, 127]  3251
[19, 37, 88, 91, 109]  3312
[19, 37, 88, 91, 106]  3275
[19, 37, 55, 88, 91]  3296
[19, 37, 75, 88, 91]  3304
[19, 37, 88, 91, 124]  3262
[19, 37, 88, 91, 127]  3305
[19, 88, 91, 106, 109]  3298
[19, 55, 88, 91, 109]  3313
[19, 75, 88, 91, 109]  3321
[19, 88, 91, 109, 124]  3279
[19, 88, 91, 109, 127]  3322
[19, 55, 88, 91, 106]  3276
[19, 75, 88, 91, 106]  3284
[19, 88, 91, 106, 127]  3285
[19, 55, 75, 88, 91]  3305
[19, 55, 88, 91, 124]  3263
[19, 55, 88, 91, 127]  3306
[19, 75, 88, 91, 124]  3271
[19, 75, 88, 91, 127]  3314
[19, 88, 91, 124, 127]  3285
[19, 37, 91, 106, 109]  3300
[19, 37, 55, 91, 109]  3315
[19, 37, 75, 91, 109]  3323
[19, 37, 91, 109, 124]  3281
[19, 37, 91, 109, 127]  3324
[19, 37, 55, 91, 106]  3278
[19, 37, 75, 91, 106]  3286
[19, 37, 91, 106, 127]  3287
[19, 37, 55, 75, 91]  3307
[19, 37, 55, 91, 124]  3265
[19, 37, 55, 91, 127]  3308
[19, 37, 75, 91, 124]  3273
[19, 37, 75, 91, 127]  3316
[19, 37, 91, 124, 127]  3287
[19, 55, 91, 106, 109]  3301
[19, 75, 91, 106, 109]  3309
[19, 91, 106, 109, 124]  3267
[19, 91, 106, 109, 127]  3310
[19, 55, 75, 91, 109]  3324
[19, 55, 91, 109, 124]  3282
[19, 55, 91, 109, 127]  3325
[16, 19, 75, 91, 109]  3257
[19, 75, 91, 109, 124]  3290
[19, 75, 91, 109, 127]  3333
[16, 19, 91, 109, 127]  3258
[19, 91, 109, 124, 127]  3304
[19, 55, 75, 91, 106]  3287
[19, 55, 91, 106, 127]  3288
[19, 75, 91, 106, 124]  3253
[19, 75, 91, 106, 127]  3296
[19, 91, 106, 124, 127]  3267
[19, 55, 75, 91, 124]  3274
[19, 55, 75, 91, 127]  3317
[19, 55, 91, 124, 127]  3288
[16, 19, 75, 91, 127]  3250
[19, 75, 91, 124, 127]  3296
[37, 55, 72, 75, 88]  3255
[55, 72, 75, 88, 127]  3265
[55, 72, 75, 88, 109]  3272
[55, 72, 88, 109, 127]  3259
[37, 72, 75, 88, 127]  3264
[37, 72, 75, 88, 109]  3271
[37, 72, 88, 109, 127]  3258
[19, 72, 75, 88, 127]  3258
[19, 72, 75, 88, 109]  3265
[19, 72, 88, 109, 127]  3252
[72, 75, 88, 109, 127]  3281
[72, 75, 88, 106, 109]  3257
[37, 75, 85, 88, 91]  3256
[37, 85, 88, 91, 127]  3257
[37, 85, 88, 91, 109]  3264
[37, 75, 85, 88, 109]  3250
[37, 85, 88, 109, 127]  3251
[37, 75, 85, 91, 109]  3250
[37, 85, 91, 109, 127]  3251
[19, 37, 55, 72, 75]  3253
[37, 55, 72, 75, 127]  3269
[37, 55, 72, 75, 109]  3276
[19, 55, 72, 75, 127]  3263
[19, 55, 72, 75, 109]  3270
[55, 72, 75, 109, 127]  3286
[55, 72, 75, 106, 109]  3262
[19, 37, 55, 75, 127]  3296
[19, 37, 55, 75, 124]  3253
[19, 37, 55, 75, 106]  3266
[19, 37, 55, 75, 109]  3303
[19, 37, 55, 75, 88]  3282
[37, 55, 75, 124, 127]  3282
[37, 55, 75, 106, 127]  3282
[37, 55, 75, 109, 127]  3319
[37, 55, 75, 88, 127]  3298
[37, 55, 75, 91, 127]  3323
[37, 55, 75, 109, 124]  3276
[37, 55, 75, 88, 124]  3255
[37, 55, 75, 91, 124]  3280
[37, 55, 75, 106, 109]  3295
[37, 55, 75, 88, 106]  3268
[37, 55, 75, 91, 106]  3293
[37, 55, 75, 88, 109]  3305
[37, 55, 75, 91, 109]  3330
[37, 55, 75, 88, 91]  3311
[19, 55, 75, 124, 127]  3276
[19, 55, 75, 106, 127]  3276
[19, 55, 75, 109, 127]  3313
[19, 55, 75, 88, 127]  3292
[19, 55, 75, 109, 124]  3270
[19, 55, 75, 106, 109]  3289
[19, 55, 75, 88, 106]  3262
[19, 55, 75, 88, 109]  3299
[55, 75, 106, 124, 127]  3262
[55, 75, 109, 124, 127]  3299
[55, 75, 88, 124, 127]  3278
[55, 75, 91, 124, 127]  3303
[55, 75, 106, 109, 127]  3305
[55, 75, 88, 106, 127]  3278
[55, 75, 91, 106, 127]  3303
[55, 75, 88, 109, 127]  3315
[55, 75, 91, 109, 127]  3340
[55, 75, 88, 91, 127]  3321
[55, 75, 106, 109, 124]  3262
[55, 75, 91, 106, 124]  3260
[55, 75, 88, 109, 124]  3272
[55, 75, 91, 109, 124]  3297
[55, 75, 88, 91, 124]  3278
[55, 75, 88, 106, 109]  3291
[55, 75, 91, 106, 109]  3316
[55, 75, 88, 91, 106]  3291
[55, 75, 88, 91, 109]  3328
[37, 55, 72, 109, 127]  3263
[19, 55, 72, 109, 127]  3257
[19, 37, 88, 124, 127]  3262
[19, 37, 88, 109, 124]  3256
[19, 37, 75, 88, 127]  3291
[19, 37, 88, 106, 127]  3262
[19, 37, 88, 109, 127]  3299
[19, 37, 55, 88, 127]  3283
[19, 37, 75, 88, 106]  3261
[19, 37, 75, 88, 109]  3298
[19, 37, 88, 106, 109]  3275
[19, 37, 55, 88, 106]  3253
[19, 37, 55, 88, 109]  3290
[37, 88, 91, 124, 127]  3291
[37, 75, 88, 91, 124]  3277
[37, 88, 91, 109, 124]  3285
[37, 55, 88, 91, 124]  3269
[37, 75, 88, 91, 127]  3320
[37, 88, 91, 106, 127]  3291
[37, 88, 91, 109, 127]  3328
[37, 55, 88, 91, 127]  3312
[37, 75, 88, 91, 106]  3290
[37, 75, 88, 91, 109]  3327
[37, 88, 91, 106, 109]  3304
[37, 55, 88, 91, 106]  3282
[37, 55, 88, 91, 109]  3319
[37, 75, 88, 124, 127]  3277
[37, 88, 109, 124, 127]  3285
[37, 55, 88, 124, 127]  3269
[37, 75, 88, 109, 124]  3271
[37, 55, 88, 109, 124]  3263
[37, 75, 88, 106, 127]  3277
[37, 75, 88, 109, 127]  3314
[37, 88, 106, 109, 127]  3291
[37, 55, 88, 106, 127]  3269
[37, 55, 88, 109, 127]  3306
[37, 75, 88, 106, 109]  3290
[37, 55, 88, 106, 109]  3282
[19, 88, 106, 109, 127]  3285
[19, 55, 88, 106, 109]  3276
[19, 75, 88, 106, 109]  3284
[19, 88, 109, 124, 127]  3279
[19, 55, 88, 109, 124]  3257
[19, 75, 88, 109, 124]  3265
[19, 55, 88, 109, 127]  3300
[19, 75, 88, 109, 127]  3308
[19, 55, 88, 106, 127]  3263
[19, 75, 88, 106, 127]  3271
[19, 55, 88, 124, 127]  3263
[19, 75, 88, 124, 127]  3271
[37, 75, 91, 124, 127]  3302
[37, 75, 91, 109, 127]  3339
[37, 75, 91, 106, 127]  3302
[37, 75, 91, 109, 124]  3296
[37, 75, 91, 106, 124]  3259
[37, 75, 91, 106, 109]  3315
[34, 37, 75, 91, 109]  3253
[37, 91, 109, 124, 127]  3310
[37, 91, 106, 124, 127]  3273
[37, 55, 91, 124, 127]  3294
[37, 91, 106, 109, 127]  3316
[37, 55, 91, 109, 127]  3331
[34, 37, 91, 109, 127]  3254
[37, 55, 91, 106, 127]  3294
[37, 91, 106, 109, 124]  3273
[37, 55, 91, 109, 124]  3288
[37, 55, 91, 106, 124]  3251
[37, 55, 91, 106, 109]  3307
[19, 37, 55, 106, 109]  3280
[19, 55, 106, 109, 127]  3290
[19, 72, 75, 106, 109]  3255
[19, 37, 75, 106, 109]  3288
[19, 75, 106, 109, 124]  3255
[19, 75, 106, 109, 127]  3298
[19, 37, 106, 109, 127]  3289
[19, 106, 109, 124, 127]  3269
[19, 37, 55, 109, 124]  3261
[19, 37, 55, 109, 127]  3304
[19, 55, 109, 124, 127]  3284
[19, 37, 72, 75, 109]  3269
[19, 72, 75, 109, 127]  3279
[19, 37, 75, 109, 124]  3269
[19, 37, 75, 109, 127]  3312
[19, 75, 109, 124, 127]  3292
[19, 37, 72, 109, 127]  3256
[19, 37, 109, 124, 127]  3283
[19, 37, 72, 75, 127]  3262
[37, 72, 75, 109, 127]  3285
[37, 72, 75, 106, 109]  3261
[72, 75, 109, 124, 127]  3265
[72, 75, 106, 109, 127]  3271
[19, 75, 106, 124, 127]  3255
[19, 37, 55, 106, 127]  3267
[19, 37, 75, 106, 127]  3275
[88, 106, 109, 124, 127]  3271
[88, 91, 106, 124, 127]  3271
[75, 88, 106, 124, 127]  3257
[88, 91, 109, 124, 127]  3308
[55, 88, 109, 124, 127]  3286
[75, 88, 109, 124, 127]  3294
[55, 88, 91, 124, 127]  3292
[75, 88, 91, 124, 127]  3300
[88, 91, 106, 109, 124]  3271
[75, 88, 106, 109, 124]  3257
[75, 88, 91, 106, 124]  3257
[55, 88, 91, 109, 124]  3286
[75, 88, 91, 109, 124]  3294
[88, 91, 106, 109, 127]  3314
[55, 88, 106, 109, 127]  3292
[75, 88, 106, 109, 127]  3300
[55, 88, 91, 106, 127]  3292
[75, 88, 91, 106, 127]  3300
[55, 88, 91, 109, 127]  3329
[85, 88, 91, 109, 127]  3274
[75, 88, 91, 109, 127]  3337
[75, 85, 88, 109, 127]  3260
[75, 85, 88, 91, 127]  3266
[19, 37, 75, 124, 127]  3275
[37, 75, 109, 124, 127]  3298
[37, 75, 106, 124, 127]  3261
[37, 75, 106, 109, 127]  3304
[37, 75, 106, 109, 124]  3261
[37, 106, 109, 124, 127]  3275
[37, 55, 106, 124, 127]  3253
[37, 55, 106, 109, 124]  3253
[55, 106, 109, 124, 127]  3276
[75, 106, 109, 124, 127]  3284
[91, 106, 109, 124, 127]  3296
[55, 91, 106, 124, 127]  3274
[75, 91, 106, 124, 127]  3282
[55, 91, 106, 109, 124]  3274
[75, 91, 106, 109, 124]  3282
[37, 55, 109, 124, 127]  3290
[19, 37, 55, 124, 127]  3267
[37, 55, 106, 109, 127]  3296
[55, 88, 91, 106, 109]  3305
[85, 88, 91, 106, 109]  3250
[75, 88, 91, 106, 109]  3313
[55, 91, 106, 109, 127]  3317
[75, 91, 106, 109, 127]  3325
[75, 85, 88, 91, 109]  3273
[55, 91, 109, 124, 127]  3311
[75, 91, 109, 124, 127]  3319
[75, 85, 91, 109, 127]  3260
[19, 72, 75, 88, 91, 127]  3258
[19, 72, 75, 88, 91, 109]  3265
[19, 72, 88, 91, 109, 127]  3252
[19, 37, 55, 72, 75, 91]  3251
[19, 55, 72, 75, 91, 127]  3261
[19, 55, 72, 75, 91, 109]  3268
[19, 55, 72, 91, 109, 127]  3255
[19, 37, 72, 75, 91, 127]  3260
[19, 37, 72, 75, 91, 109]  3267
[19, 37, 72, 91, 109, 127]  3254
[19, 72, 75, 91, 109, 127]  3277
[19, 72, 75, 91, 106, 109]  3253
[37, 55, 72, 75, 88, 91]  3255
[55, 72, 75, 88, 91, 127]  3265
[55, 72, 75, 88, 91, 109]  3272
[55, 72, 88, 91, 109, 127]  3259
[37, 72, 75, 88, 91, 127]  3264
[37, 72, 75, 88, 91, 109]  3271
[37, 72, 88, 91, 109, 127]  3258
[72, 75, 88, 91, 109, 127]  3281
[72, 75, 88, 91, 106, 109]  3257
[37, 55, 72, 75, 91, 127]  3267
[37, 55, 72, 75, 91, 109]  3274
[37, 55, 72, 91, 109, 127]  3261
[55, 72, 75, 91, 109, 127]  3284
[55, 72, 75, 91, 106, 109]  3260
[37, 72, 75, 91, 109, 127]  3283
[37, 72, 75, 91, 106, 109]  3259
[72, 75, 91, 109, 124, 127]  3263
[72, 75, 91, 106, 109, 127]  3269
[55, 75, 85, 88, 91, 109]  3251
[55, 85, 88, 91, 109, 127]  3252
[19, 37, 88, 91, 106, 109]  3275
[19, 37, 55, 88, 91, 109]  3290
[19, 37, 75, 88, 91, 109]  3298
[19, 37, 88, 91, 109, 124]  3256
[19, 37, 88, 91, 109, 127]  3299
[19, 37, 55, 88, 91, 106]  3253
[19, 37, 75, 88, 91, 106]  3261
[19, 37, 88, 91, 106, 127]  3262
[19, 37, 55, 75, 88, 91]  3282
[19, 37, 55, 88, 91, 127]  3283
[19, 37, 75, 88, 91, 127]  3291
[19, 37, 88, 91, 124, 127]  3262
[19, 55, 88, 91, 106, 109]  3276
[19, 75, 88, 91, 106, 109]  3284
[19, 88, 91, 106, 109, 127]  3285
[19, 55, 75, 88, 91, 109]  3299
[19, 55, 88, 91, 109, 124]  3257
[19, 55, 88, 91, 109, 127]  3300
[19, 75, 88, 91, 109, 124]  3265
[19, 75, 88, 91, 109, 127]  3308
[19, 88, 91, 109, 124, 127]  3279
[19, 55, 75, 88, 91, 106]  3262
[19, 55, 88, 91, 106, 127]  3263
[19, 75, 88, 91, 106, 127]  3271
[19, 55, 75, 88, 91, 127]  3292
[19, 55, 88, 91, 124, 127]  3263
[19, 75, 88, 91, 124, 127]  3271
[19, 37, 55, 91, 106, 109]  3278
[19, 37, 75, 91, 106, 109]  3286
[19, 37, 91, 106, 109, 127]  3287
[19, 37, 55, 75, 91, 109]  3301
[19, 37, 55, 91, 109, 124]  3259
[19, 37, 55, 91, 109, 127]  3302
[19, 37, 75, 91, 109, 124]  3267
[19, 37, 75, 91, 109, 127]  3310
[19, 37, 91, 109, 124, 127]  3281
[19, 37, 55, 75, 91, 106]  3264
[19, 37, 55, 91, 106, 127]  3265
[19, 37, 75, 91, 106, 127]  3273
[19, 37, 55, 75, 91, 124]  3251
[19, 37, 55, 75, 91, 127]  3294
[19, 37, 55, 91, 124, 127]  3265
[19, 37, 75, 91, 124, 127]  3273
[19, 55, 75, 91, 106, 109]  3287
[19, 55, 91, 106, 109, 127]  3288
[19, 75, 91, 106, 109, 124]  3253
[19, 75, 91, 106, 109, 127]  3296
[19, 91, 106, 109, 124, 127]  3267
[19, 55, 75, 91, 109, 124]  3268
[19, 55, 75, 91, 109, 127]  3311
[19, 55, 91, 109, 124, 127]  3282
[19, 75, 91, 109, 124, 127]  3290
[19, 55, 75, 91, 106, 127]  3274
[19, 75, 91, 106, 124, 127]  3253
[19, 55, 75, 91, 124, 127]  3274
[55, 72, 75, 88, 109, 127]  3259
[37, 72, 75, 88, 109, 127]  3258
[19, 72, 75, 88, 109, 127]  3252
[37, 75, 85, 88, 91, 109]  3250
[37, 85, 88, 91, 109, 127]  3251
[37, 55, 72, 75, 109, 127]  3263
[19, 55, 72, 75, 109, 127]  3257
[19, 37, 55, 75, 124, 127]  3253
[19, 37, 55, 75, 106, 127]  3253
[19, 37, 55, 75, 109, 127]  3290
[19, 37, 55, 75, 88, 127]  3269
[19, 37, 55, 75, 106, 109]  3266
[19, 37, 55, 75, 88, 109]  3276
[37, 55, 75, 109, 124, 127]  3276
[37, 55, 75, 88, 124, 127]  3255
[37, 55, 75, 91, 124, 127]  3280
[37, 55, 75, 106, 109, 127]  3282
[37, 55, 75, 88, 106, 127]  3255
[37, 55, 75, 91, 106, 127]  3280
[37, 55, 75, 88, 109, 127]  3292
[37, 55, 75, 91, 109, 127]  3317
[37, 55, 75, 88, 91, 127]  3298
[37, 55, 75, 91, 109, 124]  3274
[37, 55, 75, 88, 91, 124]  3255
[37, 55, 75, 88, 106, 109]  3268
[37, 55, 75, 91, 106, 109]  3293
[37, 55, 75, 88, 91, 106]  3268
[37, 55, 75, 88, 91, 109]  3305
[19, 55, 75, 109, 124, 127]  3270
[19, 55, 75, 106, 109, 127]  3276
[19, 55, 75, 88, 109, 127]  3286
[19, 55, 75, 88, 106, 109]  3262
[55, 75, 106, 109, 124, 127]  3262
[55, 75, 91, 106, 124, 127]  3260
[55, 75, 88, 109, 124, 127]  3272
[55, 75, 91, 109, 124, 127]  3297
[55, 75, 88, 91, 124, 127]  3278
[55, 75, 88, 106, 109, 127]  3278
[55, 75, 91, 106, 109, 127]  3303
[55, 75, 88, 91, 106, 127]  3278
[55, 75, 88, 91, 109, 127]  3315
[55, 75, 91, 106, 109, 124]  3260
[55, 75, 88, 91, 109, 124]  3272
[55, 75, 88, 91, 106, 109]  3291
[19, 37, 88, 109, 124, 127]  3256
[19, 37, 75, 88, 109, 127]  3285
[19, 37, 88, 106, 109, 127]  3262
[19, 37, 55, 88, 109, 127]  3277
[19, 37, 75, 88, 106, 109]  3261
[19, 37, 55, 88, 106, 109]  3253
[37, 75, 88, 91, 124, 127]  3277
[37, 88, 91, 109, 124, 127]  3285
[37, 55, 88, 91, 124, 127]  3269
[37, 75, 88, 91, 109, 124]  3271
[37, 55, 88, 91, 109, 124]  3263
[37, 75, 88, 91, 106, 127]  3277
[37, 75, 88, 91, 109, 127]  3314
[37, 88, 91, 106, 109, 127]  3291
[37, 55, 88, 91, 106, 127]  3269
[37, 55, 88, 91, 109, 127]  3306
[37, 75, 88, 91, 106, 109]  3290
[37, 55, 88, 91, 106, 109]  3282
[37, 75, 88, 109, 124, 127]  3271
[37, 55, 88, 109, 124, 127]  3263
[37, 75, 88, 106, 109, 127]  3277
[37, 55, 88, 106, 109, 127]  3269
[19, 55, 88, 106, 109, 127]  3263
[19, 75, 88, 106, 109, 127]  3271
[19, 55, 88, 109, 124, 127]  3257
[19, 75, 88, 109, 124, 127]  3265
[37, 75, 91, 109, 124, 127]  3296
[37, 75, 91, 106, 124, 127]  3259
[37, 75, 91, 106, 109, 127]  3302
[37, 75, 91, 106, 109, 124]  3259
[37, 91, 106, 109, 124, 127]  3273
[37, 55, 91, 109, 124, 127]  3288
[37, 55, 91, 106, 124, 127]  3251
[37, 55, 91, 106, 109, 127]  3294
[37, 55, 91, 106, 109, 124]  3251
[19, 37, 55, 106, 109, 127]  3267
[19, 37, 75, 106, 109, 127]  3275
[19, 75, 106, 109, 124, 127]  3255
[19, 37, 55, 109, 124, 127]  3261
[19, 37, 72, 75, 109, 127]  3256
[19, 37, 75, 109, 124, 127]  3269
[88, 91, 106, 109, 124, 127]  3271
[75, 88, 106, 109, 124, 127]  3257
[75, 88, 91, 106, 124, 127]  3257
[55, 88, 91, 109, 124, 127]  3286
[75, 88, 91, 109, 124, 127]  3294
[75, 88, 91, 106, 109, 124]  3257
[55, 88, 91, 106, 109, 127]  3292
[75, 88, 91, 106, 109, 127]  3300
[75, 85, 88, 91, 109, 127]  3260
[37, 75, 106, 109, 124, 127]  3261
[37, 55, 106, 109, 124, 127]  3253
[55, 91, 106, 109, 124, 127]  3274
[75, 91, 106, 109, 124, 127]  3282
[19, 72, 75, 88, 91, 109, 127]  3252
[19, 55, 72, 75, 91, 109, 127]  3255
[19, 37, 72, 75, 91, 109, 127]  3254
[55, 72, 75, 88, 91, 109, 127]  3259
[37, 72, 75, 88, 91, 109, 127]  3258
[37, 55, 72, 75, 91, 109, 127]  3261
[19, 37, 55, 88, 91, 106, 109]  3253
[19, 37, 75, 88, 91, 106, 109]  3261
[19, 37, 88, 91, 106, 109, 127]  3262
[19, 37, 55, 75, 88, 91, 109]  3276
[19, 37, 55, 88, 91, 109, 127]  3277
[19, 37, 75, 88, 91, 109, 127]  3285
[19, 37, 88, 91, 109, 124, 127]  3256
[19, 37, 55, 75, 88, 91, 127]  3269
[19, 55, 75, 88, 91, 106, 109]  3262
[19, 55, 88, 91, 106, 109, 127]  3263
[19, 75, 88, 91, 106, 109, 127]  3271
[19, 55, 75, 88, 91, 109, 127]  3286
[19, 55, 88, 91, 109, 124, 127]  3257
[19, 75, 88, 91, 109, 124, 127]  3265
[19, 37, 55, 75, 91, 106, 109]  3264
[19, 37, 55, 91, 106, 109, 127]  3265
[19, 37, 75, 91, 106, 109, 127]  3273
[19, 37, 55, 75, 91, 109, 127]  3288
[19, 37, 55, 91, 109, 124, 127]  3259
[19, 37, 75, 91, 109, 124, 127]  3267
[19, 37, 55, 75, 91, 106, 127]  3251
[19, 37, 55, 75, 91, 124, 127]  3251
[19, 55, 75, 91, 106, 109, 127]  3274
[19, 75, 91, 106, 109, 124, 127]  3253
[19, 55, 75, 91, 109, 124, 127]  3268
[19, 37, 55, 75, 106, 109, 127]  3253
[19, 37, 55, 75, 88, 109, 127]  3263
[37, 55, 75, 91, 109, 124, 127]  3274
[37, 55, 75, 88, 91, 124, 127]  3255
[37, 55, 75, 88, 106, 109, 127]  3255
[37, 55, 75, 91, 106, 109, 127]  3280
[37, 55, 75, 88, 91, 106, 127]  3255
[37, 55, 75, 88, 91, 109, 127]  3292
[37, 55, 75, 88, 91, 106, 109]  3268
[55, 75, 91, 106, 109, 124, 127]  3260
[55, 75, 88, 91, 109, 124, 127]  3272
[55, 75, 88, 91, 106, 109, 127]  3278
[37, 75, 88, 91, 109, 124, 127]  3271
[37, 55, 88, 91, 109, 124, 127]  3263
[37, 75, 88, 91, 106, 109, 127]  3277
[37, 55, 88, 91, 106, 109, 127]  3269
[37, 75, 91, 106, 109, 124, 127]  3259
[37, 55, 91, 106, 109, 124, 127]  3251
[75, 88, 91, 106, 109, 124, 127]  3257
[19, 37, 55, 75, 88, 91, 109, 127]  3263
[19, 37, 55, 75, 91, 106, 109, 127]  3251
[37, 55, 75, 88, 91, 106, 109, 127]  3255
