36  348
34  407
39  272
23  181
24  236
28  172
3  183
2  215
1  202
6  162
93  218
90  390
10  154
116  172
110  227
86  407
85  417
67  239
76  240
59  286
56  193
63  254
52  172
53  245
[1, 110]  155
[36, 116]  154
[3, 34]  182
[3, 36]  150
[2, 93]  168
[36, 110]  210
[2, 90]  193
[2, 86]  205
[2, 85]  215
[39, 63]  171
[53, 110]  161
[39, 56]  166
[39, 59]  184
[3, 90]  172
[3, 86]  182
[53, 90]  245
[3, 85]  183
[53, 85]  245
[53, 86]  245
[39, 90]  245
[1, 34]  202
[39, 93]  174
[1, 36]  191
[39, 86]  262
[2, 28]  168
[39, 85]  272
[56, 90]  186
[56, 85]  193
[56, 86]  193
[2, 36]  157
[86, 116]  172
[2, 34]  205
[2, 39]  200
[86, 110]  221
[86, 90]  380
[1, 90]  197
[2, 59]  186
[85, 116]  172
[2, 63]  174
[1, 86]  202
[86, 93]  208
[1, 85]  202
[85, 110]  227
[34, 52]  162
[23, 86]  181
[23, 93]  174
[34, 53]  245
[34, 56]  193
[23, 90]  168
[34, 59]  276
[34, 63]  244
[6, 90]  158
[34, 36]  338
[85, 93]  218
[6, 85]  162
[6, 86]  158
[34, 39]  262
[85, 86]  407
[24, 85]  236
[85, 90]  390
[24, 86]  226
[23, 59]  176
[34, 86]  407
[34, 85]  407
[23, 63]  163
[24, 34]  226
[34, 90]  380
[24, 36]  174
[34, 93]  208
[34, 67]  239
[34, 76]  240
[23, 85]  181
[36, 56]  172
[34, 116]  172
[36, 53]  202
[36, 63]  213
[23, 36]  174
[23, 34]  181
[36, 59]  245
[52, 85]  172
[36, 39]  224
[52, 86]  162
[53, 59]  176
[23, 39]  158
[34, 110]  221
[53, 63]  160
[6, 34]  158
[36, 90]  333
[67, 90]  217
[36, 86]  338
[36, 85]  348
[67, 85]  239
[36, 93]  188
[67, 86]  239
[67, 76]  188
[36, 67]  170
[36, 76]  174
[28, 86]  162
[28, 85]  172
[63, 76]  171
[63, 67]  157
[63, 90]  238
[10, 85]  154
[10, 86]  154
[63, 93]  190
[63, 86]  244
[63, 85]  254
[28, 39]  164
[28, 34]  162
[10, 36]  153
[10, 34]  154
[24, 90]  222
[59, 63]  218
[76, 90]  217
[76, 85]  240
[76, 86]  240
[59, 67]  182
[59, 76]  188
[59, 86]  276
[76, 93]  151
[59, 85]  286
[1, 24]  169
[59, 93]  207
[59, 90]  266
[90, 93]  199
[90, 116]  171
[59, 110]  156
[90, 110]  222
[1, 34, 110]  155
[1, 86, 110]  155
[1, 90, 110]  151
[1, 85, 110]  155
[36, 86, 116]  154
[36, 85, 116]  154
[34, 36, 116]  154
[36, 90, 116]  153
[3, 34, 90]  171
[3, 34, 86]  182
[3, 34, 85]  182
[3, 36, 85]  150
[2, 90, 93]  153
[2, 86, 93]  158
[2, 85, 93]  168
[2, 39, 93]  157
[2, 34, 93]  158
[2, 59, 93]  162
[36, 53, 110]  154
[36, 86, 110]  204
[36, 85, 110]  210
[34, 36, 110]  204
[36, 90, 110]  205
[2, 86, 90]  183
[2, 85, 90]  193
[2, 39, 90]  178
[2, 34, 90]  183
[2, 59, 90]  170
[2, 63, 90]  162
[2, 85, 86]  205
[2, 39, 86]  190
[2, 28, 86]  158
[2, 34, 86]  205
[2, 59, 86]  176
[2, 63, 86]  164
[2, 28, 85]  168
[2, 39, 85]  200
[2, 36, 85]  157
[2, 34, 85]  205
[2, 59, 85]  186
[2, 63, 85]  174
[39, 59, 63]  153
[39, 63, 90]  155
[39, 63, 86]  161
[39, 63, 85]  171
[2, 39, 63]  161
[34, 39, 63]  161
[36, 39, 63]  150
[53, 90, 110]  161
[53, 85, 110]  161
[53, 86, 110]  161
[34, 53, 110]  161
[39, 56, 90]  159
[39, 56, 86]  166
[39, 56, 85]  166
[34, 39, 56]  166
[36, 39, 56]  166
[39, 59, 90]  164
[39, 59, 93]  163
[39, 59, 86]  174
[39, 59, 85]  184
[2, 39, 59]  172
[34, 39, 59]  174
[23, 39, 59]  153
[36, 39, 59]  163
[3, 86, 90]  171
[3, 85, 90]  172
[3, 85, 86]  182
[53, 85, 90]  245
[53, 86, 90]  245
[34, 53, 90]  245
[36, 53, 90]  202
[53, 59, 90]  176
[53, 63, 90]  160
[53, 85, 86]  245
[34, 53, 85]  245
[36, 53, 85]  202
[53, 59, 85]  176
[53, 63, 85]  160
[34, 53, 86]  245
[36, 53, 86]  202
[53, 59, 86]  176
[53, 63, 86]  160
[39, 90, 93]  155
[39, 86, 90]  235
[39, 85, 90]  245
[34, 39, 90]  235
[36, 39, 90]  209
[1, 34, 36]  191
[1, 34, 90]  197
[1, 34, 86]  202
[1, 34, 85]  202
[1, 24, 34]  169
[39, 86, 93]  164
[39, 85, 93]  174
[23, 39, 93]  151
[34, 39, 93]  164
[36, 39, 93]  162
[1, 36, 90]  186
[1, 36, 86]  191
[1, 36, 85]  191
[1, 24, 36]  158
[39, 85, 86]  262
[23, 39, 86]  158
[34, 39, 86]  262
[36, 39, 86]  214
[28, 39, 86]  154
[2, 28, 34]  158
[2, 28, 39]  160
[34, 39, 85]  262
[23, 39, 85]  158
[36, 39, 85]  224
[28, 39, 85]  164
[56, 85, 90]  186
[56, 86, 90]  186
[34, 56, 90]  186
[36, 56, 90]  165
[56, 85, 86]  193
[34, 56, 85]  193
[36, 56, 85]  172
[34, 56, 86]  193
[36, 56, 86]  172
[2, 36, 39]  152
[2, 36, 59]  156
[86, 90, 116]  171
[85, 86, 116]  172
[34, 86, 116]  172
[2, 34, 39]  190
[2, 34, 59]  176
[2, 34, 63]  164
[86, 90, 110]  216
[85, 86, 110]  221
[34, 86, 110]  221
[59, 86, 110]  150
[1, 86, 90]  197
[86, 90, 93]  189
[23, 86, 90]  168
[6, 86, 90]  154
[85, 86, 90]  380
[24, 86, 90]  212
[34, 86, 90]  380
[36, 86, 90]  323
[67, 86, 90]  217
[63, 86, 90]  228
[76, 86, 90]  217
[59, 86, 90]  256
[1, 85, 90]  197
[1, 24, 90]  168
[2, 59, 63]  158
[85, 90, 116]  171
[34, 85, 116]  172
[1, 85, 86]  202
[1, 24, 86]  169
[23, 86, 93]  174
[85, 86, 93]  208
[34, 86, 93]  208
[36, 86, 93]  178
[63, 86, 93]  180
[76, 86, 93]  151
[59, 86, 93]  197
[1, 24, 85]  169
[85, 90, 110]  222
[34, 85, 110]  221
[59, 85, 110]  156
[34, 52, 86]  162
[34, 52, 85]  162
[23, 85, 86]  181
[23, 59, 86]  176
[23, 34, 86]  181
[23, 63, 86]  163
[23, 36, 86]  174
[23, 90, 93]  168
[23, 85, 93]  174
[23, 59, 93]  169
[23, 63, 93]  156
[23, 34, 93]  174
[23, 36, 93]  167
[34, 53, 59]  176
[34, 53, 63]  160
[34, 36, 53]  202
[34, 36, 56]  172
[23, 85, 90]  168
[23, 59, 90]  163
[23, 63, 90]  150
[23, 34, 90]  168
[23, 36, 90]  161
[34, 59, 63]  208
[34, 36, 59]  235
[23, 34, 59]  176
[34, 59, 86]  276
[34, 59, 85]  276
[34, 59, 90]  256
[34, 59, 93]  197
[34, 59, 67]  182
[34, 59, 76]  188
[34, 59, 110]  150
[34, 36, 63]  203
[34, 63, 86]  244
[34, 63, 85]  244
[23, 34, 63]  163
[34, 63, 90]  228
[34, 63, 93]  180
[34, 63, 67]  157
[34, 63, 76]  171
[6, 85, 90]  158
[6, 34, 90]  154
[34, 36, 39]  214
[34, 36, 86]  338
[34, 36, 85]  338
[24, 34, 36]  164
[34, 36, 90]  323
[34, 36, 93]  178
[34, 36, 67]  170
[34, 36, 76]  174
[23, 34, 36]  174
[10, 34, 36]  153
[85, 90, 93]  199
[34, 85, 93]  208
[36, 85, 93]  188
[63, 85, 93]  190
[76, 85, 93]  151
[59, 85, 93]  207
[6, 85, 86]  158
[6, 34, 85]  158
[6, 34, 86]  158
[23, 34, 39]  158
[28, 34, 39]  154
[24, 85, 86]  226
[34, 85, 86]  407
[52, 85, 86]  162
[36, 85, 86]  338
[67, 85, 86]  239
[28, 85, 86]  162
[10, 85, 86]  154
[63, 85, 86]  244
[76, 85, 86]  240
[59, 85, 86]  276
[24, 85, 90]  222
[24, 34, 85]  226
[24, 36, 85]  174
[34, 85, 90]  380
[36, 85, 90]  333
[67, 85, 90]  217
[63, 85, 90]  238
[76, 85, 90]  217
[59, 85, 90]  266
[24, 34, 86]  226
[24, 36, 86]  164
[23, 59, 63]  160
[23, 59, 85]  176
[23, 36, 59]  169
[34, 67, 86]  239
[34, 76, 86]  240
[28, 34, 86]  162
[10, 34, 86]  154
[34, 67, 85]  239
[34, 76, 85]  240
[23, 34, 85]  181
[28, 34, 85]  162
[10, 34, 85]  154
[23, 63, 85]  163
[23, 36, 63]  156
[24, 34, 90]  212
[34, 90, 93]  189
[34, 67, 90]  217
[34, 76, 90]  217
[34, 90, 116]  171
[34, 90, 110]  216
[24, 36, 90]  172
[34, 76, 93]  151
[34, 67, 76]  188
[23, 36, 85]  174
[36, 53, 59]  155
[36, 59, 63]  193
[36, 63, 90]  200
[36, 63, 86]  203
[36, 63, 85]  213
[36, 63, 93]  169
[23, 36, 39]  158
[36, 59, 90]  232
[36, 59, 86]  235
[36, 59, 85]  245
[36, 59, 93]  182
[36, 67, 90]  160
[36, 90, 93]  181
[36, 76, 90]  163
[67, 76, 90]  168
[59, 67, 90]  165
[36, 67, 86]  170
[36, 76, 86]  174
[10, 36, 86]  153
[36, 67, 85]  170
[36, 76, 85]  174
[10, 36, 85]  153
[67, 76, 85]  188
[63, 67, 85]  157
[59, 67, 85]  182
[67, 76, 86]  188
[63, 67, 86]  157
[59, 67, 86]  182
[63, 76, 90]  157
[63, 76, 86]  171
[63, 76, 85]  171
[63, 90, 93]  181
[59, 63, 90]  203
[59, 63, 93]  186
[59, 63, 86]  208
[59, 63, 85]  218
[59, 76, 90]  170
[59, 76, 85]  188
[59, 76, 86]  188
[59, 90, 93]  194
[59, 90, 110]  151
[1, 34, 86, 110]  155
[1, 34, 90, 110]  151
[1, 34, 85, 110]  155
[1, 86, 90, 110]  151
[1, 85, 86, 110]  155
[1, 85, 90, 110]  151
[36, 85, 86, 116]  154
[34, 36, 86, 116]  154
[36, 86, 90, 116]  153
[34, 36, 85, 116]  154
[36, 85, 90, 116]  153
[34, 36, 90, 116]  153
[3, 34, 86, 90]  171
[3, 34, 85, 90]  171
[3, 34, 85, 86]  182
[2, 85, 90, 93]  153
[2, 59, 90, 93]  153
[2, 85, 86, 93]  158
[2, 34, 86, 93]  158
[2, 59, 86, 93]  152
[2, 39, 85, 93]  157
[2, 34, 85, 93]  158
[2, 59, 85, 93]  162
[2, 39, 59, 93]  151
[2, 34, 59, 93]  152
[36, 53, 86, 110]  154
[36, 53, 85, 110]  154
[34, 36, 53, 110]  154
[36, 53, 90, 110]  154
[36, 85, 86, 110]  204
[34, 36, 86, 110]  204
[36, 86, 90, 110]  199
[34, 36, 85, 110]  204
[36, 85, 90, 110]  205
[34, 36, 90, 110]  199
[2, 85, 86, 90]  183
[2, 39, 86, 90]  168
[2, 34, 86, 90]  183
[2, 59, 86, 90]  160
[2, 63, 86, 90]  152
[2, 39, 85, 90]  178
[2, 34, 85, 90]  183
[2, 59, 85, 90]  170
[2, 63, 85, 90]  162
[2, 34, 39, 90]  168
[2, 39, 59, 90]  156
[2, 34, 59, 90]  160
[2, 34, 63, 90]  152
[2, 39, 85, 86]  190
[2, 28, 85, 86]  158
[2, 34, 85, 86]  205
[2, 59, 85, 86]  176
[2, 63, 85, 86]  164
[2, 28, 39, 86]  150
[2, 34, 39, 86]  190
[2, 39, 59, 86]  162
[2, 39, 63, 86]  151
[2, 28, 34, 86]  158
[2, 34, 59, 86]  176
[2, 34, 63, 86]  164
[2, 28, 39, 85]  160
[2, 28, 34, 85]  158
[2, 36, 39, 85]  152
[2, 34, 39, 85]  190
[2, 39, 59, 85]  172
[2, 39, 63, 85]  161
[2, 36, 59, 85]  156
[2, 34, 59, 85]  176
[2, 34, 63, 85]  164
[2, 59, 63, 85]  158
[39, 59, 63, 85]  153
[39, 63, 85, 90]  155
[39, 63, 85, 86]  161
[34, 39, 63, 86]  161
[34, 39, 63, 85]  161
[36, 39, 63, 85]  150
[2, 34, 39, 63]  151
[53, 85, 90, 110]  161
[53, 86, 90, 110]  161
[34, 53, 90, 110]  161
[53, 85, 86, 110]  161
[34, 53, 85, 110]  161
[34, 53, 86, 110]  161
[39, 56, 86, 90]  159
[39, 56, 85, 90]  159
[34, 39, 56, 90]  159
[36, 39, 56, 90]  159
[39, 56, 85, 86]  166
[34, 39, 56, 86]  166
[36, 39, 56, 86]  166
[34, 39, 56, 85]  166
[36, 39, 56, 85]  166
[34, 36, 39, 56]  166
[39, 59, 90, 93]  150
[39, 59, 86, 90]  154
[39, 59, 85, 90]  164
[34, 39, 59, 90]  154
[36, 39, 59, 90]  150
[39, 59, 86, 93]  153
[39, 59, 85, 93]  163
[34, 39, 59, 93]  153
[36, 39, 59, 93]  156
[39, 59, 85, 86]  174
[34, 39, 59, 86]  174
[23, 39, 59, 86]  153
[36, 39, 59, 86]  153
[34, 39, 59, 85]  174
[23, 39, 59, 85]  153
[36, 39, 59, 85]  163
[2, 34, 39, 59]  162
[2, 36, 39, 59]  151
[23, 34, 39, 59]  153
[34, 36, 39, 59]  153
[23, 36, 39, 59]  153
[3, 85, 86, 90]  171
[53, 85, 86, 90]  245
[34, 53, 85, 90]  245
[36, 53, 85, 90]  202
[53, 59, 85, 90]  176
[53, 63, 85, 90]  160
[34, 53, 86, 90]  245
[36, 53, 86, 90]  202
[53, 59, 86, 90]  176
[53, 63, 86, 90]  160
[34, 36, 53, 90]  202
[34, 53, 59, 90]  176
[34, 53, 63, 90]  160
[36, 53, 59, 90]  155
[34, 53, 85, 86]  245
[36, 53, 85, 86]  202
[53, 59, 85, 86]  176
[53, 63, 85, 86]  160
[34, 36, 53, 85]  202
[34, 53, 59, 85]  176
[34, 53, 63, 85]  160
[36, 53, 59, 85]  155
[34, 36, 53, 86]  202
[34, 53, 59, 86]  176
[34, 53, 63, 86]  160
[36, 53, 59, 86]  155
[39, 85, 90, 93]  155
[36, 39, 90, 93]  155
[39, 85, 86, 90]  235
[34, 39, 86, 90]  235
[36, 39, 86, 90]  199
[34, 39, 85, 90]  235
[36, 39, 85, 90]  209
[34, 36, 39, 90]  199
[1, 34, 36, 90]  186
[1, 34, 36, 86]  191
[1, 34, 36, 85]  191
[1, 24, 34, 36]  158
[1, 34, 86, 90]  197
[1, 34, 85, 90]  197
[1, 24, 34, 90]  168
[1, 34, 85, 86]  202
[1, 24, 34, 86]  169
[1, 24, 34, 85]  169
[39, 85, 86, 93]  164
[23, 39, 86, 93]  151
[34, 39, 86, 93]  164
[36, 39, 86, 93]  152
[23, 39, 85, 93]  151
[34, 39, 85, 93]  164
[36, 39, 85, 93]  162
[23, 34, 39, 93]  151
[23, 36, 39, 93]  151
[34, 36, 39, 93]  152
[1, 36, 86, 90]  186
[1, 36, 85, 90]  186
[1, 24, 36, 90]  157
[1, 36, 85, 86]  191
[1, 24, 36, 86]  158
[1, 24, 36, 85]  158
[23, 39, 85, 86]  158
[34, 39, 85, 86]  262
[36, 39, 85, 86]  214
[28, 39, 85, 86]  154
[23, 34, 39, 86]  158
[23, 36, 39, 86]  158
[34, 36, 39, 86]  214
[28, 34, 39, 86]  154
[2, 28, 34, 39]  150
[23, 34, 39, 85]  158
[34, 36, 39, 85]  214
[28, 34, 39, 85]  154
[23, 36, 39, 85]  158
[56, 85, 86, 90]  186
[34, 56, 85, 90]  186
[36, 56, 85, 90]  165
[34, 56, 86, 90]  186
[36, 56, 86, 90]  165
[34, 36, 56, 90]  165
[34, 56, 85, 86]  193
[36, 56, 85, 86]  172
[34, 36, 56, 85]  172
[34, 36, 56, 86]  172
[85, 86, 90, 116]  171
[34, 86, 90, 116]  171
[34, 85, 86, 116]  172
[85, 86, 90, 110]  216
[34, 86, 90, 110]  216
[34, 85, 86, 110]  221
[59, 85, 86, 110]  150
[34, 59, 86, 110]  150
[1, 85, 86, 90]  197
[1, 24, 86, 90]  168
[23, 86, 90, 93]  168
[85, 86, 90, 93]  189
[34, 86, 90, 93]  189
[36, 86, 90, 93]  171
[63, 86, 90, 93]  171
[59, 86, 90, 93]  184
[23, 85, 86, 90]  168
[23, 34, 86, 90]  168
[23, 36, 86, 90]  161
[23, 63, 86, 90]  150
[23, 59, 86, 90]  163
[6, 85, 86, 90]  154
[6, 34, 86, 90]  154
[24, 85, 86, 90]  212
[34, 85, 86, 90]  380
[36, 85, 86, 90]  323
[67, 85, 86, 90]  217
[63, 85, 86, 90]  228
[76, 85, 86, 90]  217
[59, 85, 86, 90]  256
[24, 34, 86, 90]  212
[24, 36, 86, 90]  162
[34, 36, 86, 90]  323
[34, 67, 86, 90]  217
[34, 63, 86, 90]  228
[34, 76, 86, 90]  217
[34, 59, 86, 90]  256
[36, 67, 86, 90]  160
[36, 63, 86, 90]  190
[36, 76, 86, 90]  163
[36, 59, 86, 90]  222
[67, 76, 86, 90]  168
[59, 67, 86, 90]  165
[63, 76, 86, 90]  157
[59, 63, 86, 90]  193
[59, 76, 86, 90]  170
[1, 24, 85, 90]  168
[34, 85, 90, 116]  171
[1, 24, 85, 86]  169
[23, 85, 86, 93]  174
[23, 34, 86, 93]  174
[23, 36, 86, 93]  167
[23, 63, 86, 93]  156
[23, 59, 86, 93]  169
[34, 85, 86, 93]  208
[36, 85, 86, 93]  178
[63, 85, 86, 93]  180
[76, 85, 86, 93]  151
[59, 85, 86, 93]  197
[34, 36, 86, 93]  178
[34, 63, 86, 93]  180
[34, 76, 86, 93]  151
[34, 59, 86, 93]  197
[36, 63, 86, 93]  159
[36, 59, 86, 93]  172
[59, 63, 86, 93]  176
[34, 85, 90, 110]  216
[59, 85, 90, 110]  151
[34, 59, 85, 110]  150
[34, 52, 85, 86]  162
[23, 59, 85, 86]  176
[23, 34, 85, 86]  181
[23, 63, 85, 86]  163
[23, 36, 85, 86]  174
[23, 34, 59, 86]  176
[23, 59, 63, 86]  160
[23, 36, 59, 86]  169
[23, 34, 63, 86]  163
[23, 34, 36, 86]  174
[23, 36, 63, 86]  156
[23, 85, 90, 93]  168
[23, 59, 90, 93]  163
[23, 63, 90, 93]  150
[23, 34, 90, 93]  168
[23, 36, 90, 93]  161
[23, 59, 85, 93]  169
[23, 63, 85, 93]  156
[23, 34, 85, 93]  174
[23, 36, 85, 93]  167
[23, 59, 63, 93]  153
[23, 34, 59, 93]  169
[23, 36, 59, 93]  162
[23, 34, 63, 93]  156
[23, 34, 36, 93]  167
[34, 36, 53, 59]  155
[23, 59, 85, 90]  163
[23, 63, 85, 90]  150
[23, 34, 85, 90]  168
[23, 36, 85, 90]  161
[23, 34, 59, 90]  163
[23, 36, 59, 90]  156
[23, 34, 63, 90]  150
[23, 34, 36, 90]  161
[34, 36, 59, 63]  183
[23, 34, 59, 63]  160
[34, 59, 63, 86]  208
[34, 59, 63, 85]  208
[34, 59, 63, 90]  193
[34, 59, 63, 93]  176
[23, 34, 36, 59]  169
[34, 36, 59, 86]  235
[34, 36, 59, 85]  235
[34, 36, 59, 90]  222
[34, 36, 59, 93]  172
[23, 34, 59, 85]  176
[34, 59, 85, 86]  276
[34, 59, 67, 86]  182
[34, 59, 76, 86]  188
[34, 59, 85, 90]  256
[34, 59, 85, 93]  197
[34, 59, 67, 85]  182
[34, 59, 76, 85]  188
[34, 59, 90, 93]  184
[34, 59, 67, 90]  165
[34, 59, 76, 90]  170
[34, 36, 63, 86]  203
[34, 36, 63, 85]  203
[23, 34, 36, 63]  156
[34, 36, 63, 90]  190
[34, 36, 63, 93]  159
[34, 63, 85, 86]  244
[34, 63, 67, 86]  157
[34, 63, 76, 86]  171
[23, 34, 63, 85]  163
[34, 63, 85, 90]  228
[34, 63, 85, 93]  180
[34, 63, 67, 85]  157
[34, 63, 76, 85]  171
[34, 63, 90, 93]  171
[34, 63, 76, 90]  157
[6, 34, 85, 90]  154
[23, 34, 36, 39]  158
[34, 36, 85, 86]  338
[24, 34, 36, 86]  164
[34, 36, 67, 86]  170
[34, 36, 76, 86]  174
[10, 34, 36, 86]  153
[24, 34, 36, 85]  164
[34, 36, 85, 90]  323
[34, 36, 85, 93]  178
[34, 36, 67, 85]  170
[34, 36, 76, 85]  174
[23, 34, 36, 85]  174
[10, 34, 36, 85]  153
[24, 34, 36, 90]  162
[34, 36, 90, 93]  171
[34, 36, 67, 90]  160
[34, 36, 76, 90]  163
[34, 85, 90, 93]  189
[36, 85, 90, 93]  181
[63, 85, 90, 93]  181
[59, 85, 90, 93]  194
[34, 76, 85, 93]  151
[36, 63, 85, 93]  169
[36, 59, 85, 93]  182
[59, 63, 85, 93]  186
[6, 34, 85, 86]  158
[24, 34, 85, 86]  226
[24, 36, 85, 86]  164
[34, 67, 85, 86]  239
[28, 34, 85, 86]  162
[10, 34, 85, 86]  154
[34, 76, 85, 86]  240
[36, 67, 85, 86]  170
[10, 36, 85, 86]  153
[36, 63, 85, 86]  203
[36, 76, 85, 86]  174
[36, 59, 85, 86]  235
[63, 67, 85, 86]  157
[67, 76, 85, 86]  188
[59, 67, 85, 86]  182
[63, 76, 85, 86]  171
[59, 63, 85, 86]  208
[59, 76, 85, 86]  188
[24, 34, 85, 90]  212
[24, 36, 85, 90]  172
[34, 67, 85, 90]  217
[34, 76, 85, 90]  217
[36, 67, 85, 90]  160
[36, 63, 85, 90]  200
[36, 76, 85, 90]  163
[36, 59, 85, 90]  232
[67, 76, 85, 90]  168
[59, 67, 85, 90]  165
[63, 76, 85, 90]  157
[59, 63, 85, 90]  203
[59, 76, 85, 90]  170
[23, 59, 63, 85]  160
[23, 36, 59, 63]  153
[23, 36, 59, 85]  169
[34, 67, 76, 86]  188
[34, 67, 76, 85]  188
[23, 36, 63, 85]  156
[34, 67, 76, 90]  168
[36, 59, 63, 90]  180
[36, 59, 63, 86]  183
[36, 59, 63, 85]  193
[36, 59, 63, 93]  166
[36, 63, 90, 93]  163
[36, 59, 90, 93]  176
[59, 63, 90, 93]  178
[1, 34, 86, 90, 110]  151
[1, 34, 85, 86, 110]  155
[1, 34, 85, 90, 110]  151
[1, 85, 86, 90, 110]  151
[34, 36, 85, 86, 116]  154
[36, 85, 86, 90, 116]  153
[34, 36, 86, 90, 116]  153
[34, 36, 85, 90, 116]  153
[3, 34, 85, 86, 90]  171
[2, 59, 85, 90, 93]  153
[2, 34, 85, 86, 93]  158
[2, 59, 85, 86, 93]  152
[2, 34, 59, 86, 93]  152
[2, 39, 59, 85, 93]  151
[2, 34, 59, 85, 93]  152
[36, 53, 85, 86, 110]  154
[34, 36, 53, 86, 110]  154
[36, 53, 86, 90, 110]  154
[34, 36, 53, 85, 110]  154
[36, 53, 85, 90, 110]  154
[34, 36, 53, 90, 110]  154
[34, 36, 85, 86, 110]  204
[36, 85, 86, 90, 110]  199
[34, 36, 86, 90, 110]  199
[34, 36, 85, 90, 110]  199
[2, 39, 85, 86, 90]  168
[2, 34, 85, 86, 90]  183
[2, 59, 85, 86, 90]  160
[2, 63, 85, 86, 90]  152
[2, 34, 39, 86, 90]  168
[2, 34, 59, 86, 90]  160
[2, 34, 63, 86, 90]  152
[2, 34, 39, 85, 90]  168
[2, 39, 59, 85, 90]  156
[2, 34, 59, 85, 90]  160
[2, 34, 63, 85, 90]  152
[2, 28, 39, 85, 86]  150
[2, 34, 39, 85, 86]  190
[2, 39, 59, 85, 86]  162
[2, 39, 63, 85, 86]  151
[2, 28, 34, 85, 86]  158
[2, 34, 59, 85, 86]  176
[2, 34, 63, 85, 86]  164
[2, 28, 34, 39, 86]  150
[2, 34, 39, 59, 86]  162
[2, 34, 39, 63, 86]  151
[2, 28, 34, 39, 85]  150
[2, 36, 39, 59, 85]  151
[2, 34, 39, 59, 85]  162
[2, 34, 39, 63, 85]  151
[34, 39, 63, 85, 86]  161
[53, 85, 86, 90, 110]  161
[34, 53, 85, 90, 110]  161
[34, 53, 86, 90, 110]  161
[34, 53, 85, 86, 110]  161
[39, 56, 85, 86, 90]  159
[34, 39, 56, 86, 90]  159
[36, 39, 56, 86, 90]  159
[34, 39, 56, 85, 90]  159
[36, 39, 56, 85, 90]  159
[34, 36, 39, 56, 90]  159
[34, 39, 56, 85, 86]  166
[36, 39, 56, 85, 86]  166
[34, 36, 39, 56, 86]  166
[34, 36, 39, 56, 85]  166
[39, 59, 85, 90, 93]  150
[36, 39, 59, 90, 93]  150
[39, 59, 85, 86, 90]  154
[34, 39, 59, 86, 90]  154
[34, 39, 59, 85, 90]  154
[36, 39, 59, 85, 90]  150
[39, 59, 85, 86, 93]  153
[34, 39, 59, 86, 93]  153
[34, 39, 59, 85, 93]  153
[36, 39, 59, 85, 93]  156
[34, 39, 59, 85, 86]  174
[23, 39, 59, 85, 86]  153
[36, 39, 59, 85, 86]  153
[23, 34, 39, 59, 86]  153
[34, 36, 39, 59, 86]  153
[23, 36, 39, 59, 86]  153
[23, 34, 39, 59, 85]  153
[34, 36, 39, 59, 85]  153
[23, 36, 39, 59, 85]  153
[23, 34, 36, 39, 59]  153
[34, 53, 85, 86, 90]  245
[36, 53, 85, 86, 90]  202
[53, 59, 85, 86, 90]  176
[53, 63, 85, 86, 90]  160
[34, 36, 53, 85, 90]  202
[34, 53, 59, 85, 90]  176
[34, 53, 63, 85, 90]  160
[36, 53, 59, 85, 90]  155
[34, 36, 53, 86, 90]  202
[34, 53, 59, 86, 90]  176
[34, 53, 63, 86, 90]  160
[36, 53, 59, 86, 90]  155
[34, 36, 53, 59, 90]  155
[34, 36, 53, 85, 86]  202
[34, 53, 59, 85, 86]  176
[34, 53, 63, 85, 86]  160
[36, 53, 59, 85, 86]  155
[34, 36, 53, 59, 85]  155
[34, 36, 53, 59, 86]  155
[36, 39, 85, 90, 93]  155
[34, 39, 85, 86, 90]  235
[36, 39, 85, 86, 90]  199
[34, 36, 39, 86, 90]  199
[34, 36, 39, 85, 90]  199
[1, 34, 36, 86, 90]  186
[1, 34, 36, 85, 90]  186
[1, 24, 34, 36, 90]  157
[1, 34, 36, 85, 86]  191
[1, 24, 34, 36, 86]  158
[1, 24, 34, 36, 85]  158
[1, 34, 85, 86, 90]  197
[1, 24, 34, 86, 90]  168
[1, 24, 34, 85, 90]  168
[1, 24, 34, 85, 86]  169
[23, 39, 85, 86, 93]  151
[34, 39, 85, 86, 93]  164
[36, 39, 85, 86, 93]  152
[23, 34, 39, 86, 93]  151
[23, 36, 39, 86, 93]  151
[34, 36, 39, 86, 93]  152
[23, 34, 39, 85, 93]  151
[23, 36, 39, 85, 93]  151
[34, 36, 39, 85, 93]  152
[23, 34, 36, 39, 93]  151
[1, 36, 85, 86, 90]  186
[1, 24, 36, 86, 90]  157
[1, 24, 36, 85, 90]  157
[1, 24, 36, 85, 86]  158
[23, 34, 39, 85, 86]  158
[23, 36, 39, 85, 86]  158
[34, 36, 39, 85, 86]  214
[28, 34, 39, 85, 86]  154
[23, 34, 36, 39, 86]  158
[23, 34, 36, 39, 85]  158
[34, 56, 85, 86, 90]  186
[36, 56, 85, 86, 90]  165
[34, 36, 56, 85, 90]  165
[34, 36, 56, 86, 90]  165
[34, 36, 56, 85, 86]  172
[34, 85, 86, 90, 116]  171
[34, 85, 86, 90, 110]  216
[34, 59, 85, 86, 110]  150
[1, 24, 85, 86, 90]  168
[23, 85, 86, 90, 93]  168
[23, 34, 86, 90, 93]  168
[23, 36, 86, 90, 93]  161
[23, 63, 86, 90, 93]  150
[23, 59, 86, 90, 93]  163
[34, 85, 86, 90, 93]  189
[36, 85, 86, 90, 93]  171
[63, 85, 86, 90, 93]  171
[59, 85, 86, 90, 93]  184
[34, 36, 86, 90, 93]  171
[34, 63, 86, 90, 93]  171
[34, 59, 86, 90, 93]  184
[36, 63, 86, 90, 93]  153
[36, 59, 86, 90, 93]  166
[59, 63, 86, 90, 93]  168
[23, 34, 85, 86, 90]  168
[23, 36, 85, 86, 90]  161
[23, 63, 85, 86, 90]  150
[23, 59, 85, 86, 90]  163
[23, 34, 36, 86, 90]  161
[23, 34, 63, 86, 90]  150
[23, 34, 59, 86, 90]  163
[23, 36, 59, 86, 90]  156
[6, 34, 85, 86, 90]  154
[24, 34, 85, 86, 90]  212
[24, 36, 85, 86, 90]  162
[34, 36, 85, 86, 90]  323
[34, 67, 85, 86, 90]  217
[34, 63, 85, 86, 90]  228
[34, 76, 85, 86, 90]  217
[34, 59, 85, 86, 90]  256
[36, 67, 85, 86, 90]  160
[36, 63, 85, 86, 90]  190
[36, 76, 85, 86, 90]  163
[36, 59, 85, 86, 90]  222
[67, 76, 85, 86, 90]  168
[59, 67, 85, 86, 90]  165
[63, 76, 85, 86, 90]  157
[59, 63, 85, 86, 90]  193
[59, 76, 85, 86, 90]  170
[24, 34, 36, 86, 90]  162
[34, 36, 67, 86, 90]  160
[34, 36, 63, 86, 90]  190
[34, 36, 76, 86, 90]  163
[34, 36, 59, 86, 90]  222
[34, 67, 76, 86, 90]  168
[34, 59, 67, 86, 90]  165
[34, 63, 76, 86, 90]  157
[34, 59, 63, 86, 90]  193
[34, 59, 76, 86, 90]  170
[36, 59, 63, 86, 90]  170
[23, 34, 85, 86, 93]  174
[23, 36, 85, 86, 93]  167
[23, 63, 85, 86, 93]  156
[23, 59, 85, 86, 93]  169
[23, 34, 36, 86, 93]  167
[23, 34, 63, 86, 93]  156
[23, 34, 59, 86, 93]  169
[23, 36, 59, 86, 93]  162
[23, 59, 63, 86, 93]  153
[34, 36, 85, 86, 93]  178
[34, 63, 85, 86, 93]  180
[34, 76, 85, 86, 93]  151
[34, 59, 85, 86, 93]  197
[36, 63, 85, 86, 93]  159
[36, 59, 85, 86, 93]  172
[59, 63, 85, 86, 93]  176
[34, 36, 63, 86, 93]  159
[34, 36, 59, 86, 93]  172
[34, 59, 63, 86, 93]  176
[36, 59, 63, 86, 93]  156
[23, 34, 59, 85, 86]  176
[23, 59, 63, 85, 86]  160
[23, 36, 59, 85, 86]  169
[23, 34, 63, 85, 86]  163
[23, 34, 36, 85, 86]  174
[23, 36, 63, 85, 86]  156
[23, 34, 59, 63, 86]  160
[23, 34, 36, 59, 86]  169
[23, 36, 59, 63, 86]  153
[23, 34, 36, 63, 86]  156
[23, 59, 85, 90, 93]  163
[23, 63, 85, 90, 93]  150
[23, 34, 85, 90, 93]  168
[23, 36, 85, 90, 93]  161
[23, 34, 59, 90, 93]  163
[23, 36, 59, 90, 93]  156
[23, 34, 63, 90, 93]  150
[23, 34, 36, 90, 93]  161
[23, 59, 63, 85, 93]  153
[23, 34, 59, 85, 93]  169
[23, 36, 59, 85, 93]  162
[23, 34, 63, 85, 93]  156
[23, 34, 36, 85, 93]  167
[23, 34, 59, 63, 93]  153
[23, 34, 36, 59, 93]  162
[23, 34, 59, 85, 90]  163
[23, 36, 59, 85, 90]  156
[23, 34, 63, 85, 90]  150
[23, 34, 36, 85, 90]  161
[23, 34, 36, 59, 90]  156
[23, 34, 36, 59, 63]  153
[34, 36, 59, 63, 86]  183
[34, 36, 59, 63, 85]  183
[34, 36, 59, 63, 90]  170
[34, 36, 59, 63, 93]  156
[23, 34, 59, 63, 85]  160
[34, 59, 63, 85, 86]  208
[34, 59, 63, 85, 90]  193
[34, 59, 63, 85, 93]  176
[34, 59, 63, 90, 93]  168
[23, 34, 36, 59, 85]  169
[34, 36, 59, 85, 86]  235
[34, 36, 59, 85, 90]  222
[34, 36, 59, 85, 93]  172
[34, 36, 59, 90, 93]  166
[34, 59, 67, 85, 86]  182
[34, 59, 76, 85, 86]  188
[34, 59, 85, 90, 93]  184
[34, 59, 67, 85, 90]  165
[34, 59, 76, 85, 90]  170
[34, 36, 63, 85, 86]  203
[23, 34, 36, 63, 85]  156
[34, 36, 63, 85, 90]  190
[34, 36, 63, 85, 93]  159
[34, 36, 63, 90, 93]  153
[34, 63, 67, 85, 86]  157
[34, 63, 76, 85, 86]  171
[34, 63, 85, 90, 93]  171
[34, 63, 76, 85, 90]  157
[24, 34, 36, 85, 86]  164
[34, 36, 67, 85, 86]  170
[34, 36, 76, 85, 86]  174
[10, 34, 36, 85, 86]  153
[24, 34, 36, 85, 90]  162
[34, 36, 85, 90, 93]  171
[34, 36, 67, 85, 90]  160
[34, 36, 76, 85, 90]  163
[36, 63, 85, 90, 93]  163
[36, 59, 85, 90, 93]  176
[59, 63, 85, 90, 93]  178
[36, 59, 63, 85, 93]  166
[34, 67, 76, 85, 86]  188
[36, 59, 63, 85, 86]  183
[34, 67, 76, 85, 90]  168
[36, 59, 63, 85, 90]  180
[23, 36, 59, 63, 85]  153
[36, 59, 63, 90, 93]  160
[1, 34, 85, 86, 90, 110]  151
[34, 36, 85, 86, 90, 116]  153
[2, 34, 59, 85, 86, 93]  152
[34, 36, 53, 85, 86, 110]  154
[36, 53, 85, 86, 90, 110]  154
[34, 36, 53, 86, 90, 110]  154
[34, 36, 53, 85, 90, 110]  154
[34, 36, 85, 86, 90, 110]  199
[2, 34, 39, 85, 86, 90]  168
[2, 34, 59, 85, 86, 90]  160
[2, 34, 63, 85, 86, 90]  152
[2, 28, 34, 39, 85, 86]  150
[2, 34, 39, 59, 85, 86]  162
[2, 34, 39, 63, 85, 86]  151
[34, 53, 85, 86, 90, 110]  161
[34, 39, 56, 85, 86, 90]  159
[36, 39, 56, 85, 86, 90]  159
[34, 36, 39, 56, 86, 90]  159
[34, 36, 39, 56, 85, 90]  159
[34, 36, 39, 56, 85, 86]  166
[36, 39, 59, 85, 90, 93]  150
[34, 39, 59, 85, 86, 90]  154
[34, 39, 59, 85, 86, 93]  153
[23, 34, 39, 59, 85, 86]  153
[34, 36, 39, 59, 85, 86]  153
[23, 36, 39, 59, 85, 86]  153
[23, 34, 36, 39, 59, 86]  153
[23, 34, 36, 39, 59, 85]  153
[34, 36, 53, 85, 86, 90]  202
[34, 53, 59, 85, 86, 90]  176
[34, 53, 63, 85, 86, 90]  160
[36, 53, 59, 85, 86, 90]  155
[34, 36, 53, 59, 85, 90]  155
[34, 36, 53, 59, 86, 90]  155
[34, 36, 53, 59, 85, 86]  155
[34, 36, 39, 85, 86, 90]  199
[1, 34, 36, 85, 86, 90]  186
[1, 24, 34, 36, 86, 90]  157
[1, 24, 34, 36, 85, 90]  157
[1, 24, 34, 36, 85, 86]  158
[1, 24, 34, 85, 86, 90]  168
[23, 34, 39, 85, 86, 93]  151
[23, 36, 39, 85, 86, 93]  151
[34, 36, 39, 85, 86, 93]  152
[23, 34, 36, 39, 86, 93]  151
[23, 34, 36, 39, 85, 93]  151
[1, 24, 36, 85, 86, 90]  157
[23, 34, 36, 39, 85, 86]  158
[34, 36, 56, 85, 86, 90]  165
[23, 34, 85, 86, 90, 93]  168
[23, 36, 85, 86, 90, 93]  161
[23, 63, 85, 86, 90, 93]  150
[23, 59, 85, 86, 90, 93]  163
[23, 34, 36, 86, 90, 93]  161
[23, 34, 63, 86, 90, 93]  150
[23, 34, 59, 86, 90, 93]  163
[23, 36, 59, 86, 90, 93]  156
[34, 36, 85, 86, 90, 93]  171
[34, 63, 85, 86, 90, 93]  171
[34, 59, 85, 86, 90, 93]  184
[36, 63, 85, 86, 90, 93]  153
[36, 59, 85, 86, 90, 93]  166
[59, 63, 85, 86, 90, 93]  168
[34, 36, 63, 86, 90, 93]  153
[34, 36, 59, 86, 90, 93]  166
[34, 59, 63, 86, 90, 93]  168
[36, 59, 63, 86, 90, 93]  150
[23, 34, 36, 85, 86, 90]  161
[23, 34, 63, 85, 86, 90]  150
[23, 34, 59, 85, 86, 90]  163
[23, 36, 59, 85, 86, 90]  156
[23, 34, 36, 59, 86, 90]  156
[24, 34, 36, 85, 86, 90]  162
[34, 36, 67, 85, 86, 90]  160
[34, 36, 63, 85, 86, 90]  190
[34, 36, 76, 85, 86, 90]  163
[34, 36, 59, 85, 86, 90]  222
[34, 67, 76, 85, 86, 90]  168
[34, 59, 67, 85, 86, 90]  165
[34, 63, 76, 85, 86, 90]  157
[34, 59, 63, 85, 86, 90]  193
[34, 59, 76, 85, 86, 90]  170
[36, 59, 63, 85, 86, 90]  170
[34, 36, 59, 63, 86, 90]  170
[23, 34, 36, 85, 86, 93]  167
[23, 34, 63, 85, 86, 93]  156
[23, 34, 59, 85, 86, 93]  169
[23, 36, 59, 85, 86, 93]  162
[23, 59, 63, 85, 86, 93]  153
[23, 34, 36, 59, 86, 93]  162
[23, 34, 59, 63, 86, 93]  153
[34, 36, 63, 85, 86, 93]  159
[34, 36, 59, 85, 86, 93]  172
[34, 59, 63, 85, 86, 93]  176
[36, 59, 63, 85, 86, 93]  156
[34, 36, 59, 63, 86, 93]  156
[23, 34, 59, 63, 85, 86]  160
[23, 34, 36, 59, 85, 86]  169
[23, 36, 59, 63, 85, 86]  153
[23, 34, 36, 63, 85, 86]  156
[23, 34, 36, 59, 63, 86]  153
[23, 34, 59, 85, 90, 93]  163
[23, 36, 59, 85, 90, 93]  156
[23, 34, 63, 85, 90, 93]  150
[23, 34, 36, 85, 90, 93]  161
[23, 34, 36, 59, 90, 93]  156
[23, 34, 59, 63, 85, 93]  153
[23, 34, 36, 59, 85, 93]  162
[23, 34, 36, 59, 85, 90]  156
[23, 34, 36, 59, 63, 85]  153
[34, 36, 59, 63, 85, 86]  183
[34, 36, 59, 63, 85, 90]  170
[34, 36, 59, 63, 85, 93]  156
[34, 36, 59, 63, 90, 93]  150
[34, 59, 63, 85, 90, 93]  168
[34, 36, 59, 85, 90, 93]  166
[34, 36, 63, 85, 90, 93]  153
[36, 59, 63, 85, 90, 93]  160
[34, 36, 53, 85, 86, 90, 110]  154
[34, 36, 39, 56, 85, 86, 90]  159
[23, 34, 36, 39, 59, 85, 86]  153
[34, 36, 53, 59, 85, 86, 90]  155
[1, 24, 34, 36, 85, 86, 90]  157
[23, 34, 36, 39, 85, 86, 93]  151
[23, 34, 36, 85, 86, 90, 93]  161
[23, 34, 63, 85, 86, 90, 93]  150
[23, 34, 59, 85, 86, 90, 93]  163
[23, 36, 59, 85, 86, 90, 93]  156
[23, 34, 36, 59, 86, 90, 93]  156
[34, 36, 63, 85, 86, 90, 93]  153
[34, 36, 59, 85, 86, 90, 93]  166
[34, 59, 63, 85, 86, 90, 93]  168
[36, 59, 63, 85, 86, 90, 93]  150
[34, 36, 59, 63, 86, 90, 93]  150
[23, 34, 36, 59, 85, 86, 90]  156
[34, 36, 59, 63, 85, 86, 90]  170
[23, 34, 36, 59, 85, 86, 93]  162
[23, 34, 59, 63, 85, 86, 93]  153
[34, 36, 59, 63, 85, 86, 93]  156
[23, 34, 36, 59, 63, 85, 86]  153
[23, 34, 36, 59, 85, 90, 93]  156
[34, 36, 59, 63, 85, 90, 93]  150
[23, 34, 36, 59, 85, 86, 90, 93]  156
[34, 36, 59, 63, 85, 86, 90, 93]  150
