36  673
34  775
39  546
23  334
24  460
28  336
3  373
2  409
1  385
93  396
90  736
10  325
116  306
110  410
86  776
85  794
67  439
76  411
59  510
56  378
63  485
52  343
53  451
[3, 34]  367
[3, 36]  312
[2, 93]  315
[36, 110]  387
[2, 90]  359
[2, 86]  391
[2, 85]  409
[39, 63]  343
[39, 56]  342
[39, 59]  350
[3, 90]  351
[3, 86]  367
[53, 90]  451
[3, 85]  373
[53, 85]  451
[53, 86]  451
[39, 90]  488
[1, 34]  384
[39, 93]  336
[39, 86]  528
[1, 36]  375
[39, 85]  546
[2, 28]  329
[56, 90]  369
[56, 85]  378
[56, 86]  378
[2, 34]  391
[86, 116]  306
[2, 39]  377
[86, 110]  400
[86, 90]  718
[2, 59]  357
[1, 90]  377
[2, 63]  345
[85, 116]  306
[86, 93]  378
[1, 86]  385
[1, 85]  385
[85, 110]  410
[34, 52]  324
[23, 86]  334
[23, 93]  317
[34, 53]  451
[34, 56]  378
[23, 90]  310
[34, 59]  492
[34, 63]  467
[34, 36]  654
[85, 93]  396
[34, 39]  527
[85, 86]  776
[24, 85]  460
[85, 90]  736
[24, 86]  442
[23, 59]  313
[34, 86]  775
[34, 85]  775
[23, 63]  303
[34, 90]  718
[24, 34]  441
[24, 36]  346
[34, 93]  378
[34, 67]  439
[34, 76]  411
[23, 85]  334
[36, 56]  350
[34, 116]  305
[36, 53]  380
[36, 63]  410
[23, 36]  327
[23, 34]  334
[36, 59]  439
[52, 85]  343
[36, 39]  453
[52, 86]  325
[53, 59]  320
[23, 39]  304
[34, 110]  400
[53, 63]  310
[36, 90]  644
[67, 90]  392
[36, 86]  655
[36, 85]  673
[67, 85]  439
[36, 93]  350
[67, 86]  439
[67, 76]  335
[36, 67]  318
[36, 76]  301
[28, 86]  318
[28, 85]  336
[63, 67]  306
[10, 90]  310
[63, 90]  446
[10, 85]  325
[63, 93]  349
[10, 86]  325
[63, 86]  467
[63, 85]  485
[28, 39]  309
[28, 34]  318
[10, 36]  322
[10, 34]  324
[24, 90]  426
[59, 63]  408
[76, 90]  368
[76, 85]  411
[76, 86]  411
[59, 67]  324
[59, 76]  311
[59, 86]  492
[59, 85]  510
[1, 24]  322
[59, 93]  359
[59, 90]  471
[90, 93]  358
[90, 116]  301
[90, 110]  405
[3, 34, 36]  306
[3, 34, 90]  345
[3, 34, 86]  367
[3, 34, 85]  367
[3, 36, 90]  304
[3, 36, 86]  306
[3, 36, 85]  312
[2, 85, 93]  315
[36, 86, 110]  377
[36, 85, 110]  387
[34, 36, 110]  377
[36, 90, 110]  382
[2, 86, 90]  341
[2, 85, 90]  359
[2, 39, 90]  327
[2, 34, 90]  341
[2, 59, 90]  323
[2, 63, 90]  311
[2, 85, 86]  391
[2, 39, 86]  359
[2, 28, 86]  311
[2, 34, 86]  391
[2, 59, 86]  339
[2, 63, 86]  327
[2, 39, 85]  377
[2, 28, 85]  329
[2, 34, 85]  391
[2, 59, 85]  357
[2, 63, 85]  345
[39, 59, 63]  304
[39, 63, 90]  304
[39, 63, 86]  325
[39, 63, 85]  343
[2, 39, 63]  320
[34, 39, 63]  325
[39, 56, 90]  333
[39, 56, 86]  342
[39, 56, 85]  342
[34, 39, 56]  342
[36, 39, 56]  342
[39, 59, 90]  311
[39, 59, 86]  332
[39, 59, 85]  350
[2, 39, 59]  331
[34, 39, 59]  332
[36, 39, 59]  301
[3, 86, 90]  345
[3, 85, 90]  351
[3, 85, 86]  367
[53, 85, 90]  451
[53, 86, 90]  451
[34, 53, 90]  451
[36, 53, 90]  380
[53, 59, 90]  320
[53, 63, 90]  310
[53, 85, 86]  451
[34, 53, 85]  451
[36, 53, 85]  380
[53, 59, 85]  320
[53, 63, 85]  310
[34, 53, 86]  451
[36, 53, 86]  380
[53, 59, 86]  320
[53, 63, 86]  310
[39, 86, 90]  470
[39, 85, 90]  488
[34, 39, 90]  470
[36, 39, 90]  424
[1, 34, 36]  374
[1, 34, 90]  377
[1, 34, 86]  384
[1, 34, 85]  384
[1, 24, 34]  321
[39, 86, 93]  318
[39, 85, 93]  336
[34, 39, 93]  318
[36, 39, 93]  307
[39, 85, 86]  528
[23, 39, 86]  304
[34, 39, 86]  527
[36, 39, 86]  435
[1, 36, 90]  367
[1, 36, 86]  375
[1, 36, 85]  375
[1, 24, 36]  312
[34, 39, 85]  527
[23, 39, 85]  304
[36, 39, 85]  453
[28, 39, 85]  309
[2, 28, 34]  311
[2, 28, 39]  304
[56, 85, 90]  369
[56, 86, 90]  369
[34, 56, 90]  369
[36, 56, 90]  341
[56, 85, 86]  378
[34, 56, 85]  378
[36, 56, 85]  350
[34, 56, 86]  378
[36, 56, 86]  350
[2, 34, 39]  359
[2, 34, 59]  339
[2, 34, 63]  327
[86, 90, 116]  301
[85, 86, 116]  306
[34, 86, 116]  305
[86, 90, 110]  395
[85, 86, 110]  400
[34, 86, 110]  400
[1, 86, 90]  377
[86, 90, 93]  340
[23, 86, 90]  310
[85, 86, 90]  718
[24, 86, 90]  408
[34, 86, 90]  718
[36, 86, 90]  626
[67, 86, 90]  392
[10, 86, 90]  310
[63, 86, 90]  428
[76, 86, 90]  368
[59, 86, 90]  453
[2, 59, 63]  315
[1, 85, 90]  377
[1, 24, 90]  319
[85, 90, 116]  301
[34, 85, 116]  305
[23, 86, 93]  317
[85, 86, 93]  378
[34, 86, 93]  378
[36, 86, 93]  332
[63, 86, 93]  331
[59, 86, 93]  341
[1, 85, 86]  385
[1, 24, 86]  322
[1, 24, 85]  322
[85, 90, 110]  405
[34, 85, 110]  400
[34, 52, 86]  324
[34, 52, 85]  324
[23, 85, 86]  334
[23, 59, 86]  313
[23, 34, 86]  334
[23, 63, 86]  303
[23, 36, 86]  327
[23, 90, 93]  310
[23, 85, 93]  317
[23, 34, 93]  317
[23, 36, 93]  310
[34, 53, 59]  320
[34, 53, 63]  310
[34, 36, 53]  380
[34, 36, 56]  350
[23, 85, 90]  310
[23, 34, 90]  310
[23, 36, 90]  303
[34, 59, 63]  390
[34, 36, 59]  421
[23, 34, 59]  313
[34, 59, 86]  492
[34, 59, 85]  492
[34, 59, 90]  453
[34, 59, 93]  341
[34, 59, 67]  324
[34, 59, 76]  311
[34, 36, 63]  392
[34, 63, 86]  467
[34, 63, 85]  467
[23, 34, 63]  303
[34, 63, 90]  428
[34, 63, 93]  331
[34, 63, 67]  306
[34, 36, 39]  434
[34, 36, 86]  654
[34, 36, 85]  654
[34, 36, 90]  626
[24, 34, 36]  327
[34, 36, 93]  332
[34, 36, 67]  318
[34, 36, 76]  301
[23, 34, 36]  327
[10, 34, 36]  321
[85, 90, 93]  358
[34, 85, 93]  378
[36, 85, 93]  350
[63, 85, 93]  349
[59, 85, 93]  359
[23, 34, 39]  304
[24, 85, 86]  442
[34, 85, 86]  775
[52, 85, 86]  325
[36, 85, 86]  655
[67, 85, 86]  439
[28, 85, 86]  318
[10, 85, 86]  325
[63, 85, 86]  467
[76, 85, 86]  411
[59, 85, 86]  492
[24, 85, 90]  426
[24, 34, 85]  441
[24, 36, 85]  346
[34, 85, 90]  718
[36, 85, 90]  644
[67, 85, 90]  392
[10, 85, 90]  310
[63, 85, 90]  446
[76, 85, 90]  368
[59, 85, 90]  471
[24, 34, 86]  441
[24, 36, 86]  328
[23, 59, 85]  313
[23, 36, 59]  306
[34, 67, 86]  439
[34, 76, 86]  411
[28, 34, 86]  318
[10, 34, 86]  324
[34, 67, 85]  439
[34, 76, 85]  411
[23, 34, 85]  334
[28, 34, 85]  318
[10, 34, 85]  324
[23, 63, 85]  303
[24, 34, 90]  408
[34, 90, 93]  340
[34, 67, 90]  392
[34, 76, 90]  368
[34, 90, 116]  301
[34, 90, 110]  395
[10, 34, 90]  310
[24, 36, 90]  341
[34, 67, 76]  335
[23, 36, 85]  327
[36, 59, 63]  363
[36, 63, 90]  386
[36, 63, 86]  392
[36, 63, 85]  410
[36, 63, 93]  317
[23, 36, 39]  304
[36, 59, 90]  415
[36, 59, 86]  421
[36, 59, 85]  439
[36, 59, 93]  327
[36, 67, 90]  300
[36, 90, 93]  341
[10, 36, 90]  307
[36, 67, 86]  318
[36, 76, 86]  301
[10, 36, 86]  322
[36, 67, 85]  318
[36, 76, 85]  301
[10, 36, 85]  322
[67, 76, 85]  335
[63, 67, 85]  306
[59, 67, 85]  324
[67, 76, 86]  335
[63, 67, 86]  306
[59, 67, 86]  324
[63, 90, 93]  327
[59, 63, 90]  375
[59, 63, 93]  331
[59, 63, 86]  390
[59, 63, 85]  408
[59, 76, 85]  311
[59, 76, 86]  311
[59, 90, 93]  337
[3, 34, 36, 86]  306
[3, 34, 36, 85]  306
[3, 34, 86, 90]  345
[3, 34, 85, 90]  345
[3, 34, 85, 86]  367
[3, 36, 85, 90]  304
[3, 36, 85, 86]  306
[36, 85, 86, 110]  377
[34, 36, 86, 110]  377
[36, 86, 90, 110]  372
[34, 36, 85, 110]  377
[36, 85, 90, 110]  382
[34, 36, 90, 110]  372
[2, 85, 86, 90]  341
[2, 39, 86, 90]  309
[2, 34, 86, 90]  341
[2, 59, 86, 90]  305
[2, 39, 85, 90]  327
[2, 34, 85, 90]  341
[2, 59, 85, 90]  323
[2, 63, 85, 90]  311
[2, 34, 39, 90]  309
[2, 34, 59, 90]  305
[2, 39, 85, 86]  359
[2, 28, 85, 86]  311
[2, 34, 85, 86]  391
[2, 59, 85, 86]  339
[2, 63, 85, 86]  327
[2, 34, 39, 86]  359
[2, 39, 59, 86]  313
[2, 39, 63, 86]  302
[2, 28, 34, 86]  311
[2, 34, 59, 86]  339
[2, 34, 63, 86]  327
[2, 28, 39, 85]  304
[2, 34, 39, 85]  359
[2, 39, 59, 85]  331
[2, 39, 63, 85]  320
[2, 28, 34, 85]  311
[2, 34, 59, 85]  339
[2, 34, 63, 85]  327
[2, 59, 63, 85]  315
[39, 59, 63, 85]  304
[39, 63, 85, 90]  304
[39, 63, 85, 86]  325
[34, 39, 63, 86]  325
[34, 39, 63, 85]  325
[2, 34, 39, 63]  302
[39, 56, 86, 90]  333
[39, 56, 85, 90]  333
[34, 39, 56, 90]  333
[36, 39, 56, 90]  333
[39, 56, 85, 86]  342
[34, 39, 56, 86]  342
[36, 39, 56, 86]  342
[34, 39, 56, 85]  342
[36, 39, 56, 85]  342
[34, 36, 39, 56]  342
[39, 59, 85, 90]  311
[39, 59, 85, 86]  332
[34, 39, 59, 86]  332
[34, 39, 59, 85]  332
[36, 39, 59, 85]  301
[2, 34, 39, 59]  313
[3, 85, 86, 90]  345
[53, 85, 86, 90]  451
[34, 53, 85, 90]  451
[36, 53, 85, 90]  380
[53, 59, 85, 90]  320
[53, 63, 85, 90]  310
[34, 53, 86, 90]  451
[36, 53, 86, 90]  380
[53, 59, 86, 90]  320
[53, 63, 86, 90]  310
[34, 36, 53, 90]  380
[34, 53, 59, 90]  320
[34, 53, 63, 90]  310
[34, 53, 85, 86]  451
[36, 53, 85, 86]  380
[53, 59, 85, 86]  320
[53, 63, 85, 86]  310
[34, 36, 53, 85]  380
[34, 53, 59, 85]  320
[34, 53, 63, 85]  310
[34, 36, 53, 86]  380
[34, 53, 59, 86]  320
[34, 53, 63, 86]  310
[39, 85, 86, 90]  470
[34, 39, 86, 90]  470
[36, 39, 86, 90]  406
[34, 39, 85, 90]  470
[36, 39, 85, 90]  424
[34, 36, 39, 90]  406
[1, 34, 36, 90]  367
[1, 34, 36, 86]  374
[1, 34, 36, 85]  374
[1, 24, 34, 36]  311
[1, 34, 86, 90]  377
[1, 34, 85, 90]  377
[1, 24, 34, 90]  319
[1, 34, 85, 86]  384
[1, 24, 34, 86]  321
[1, 24, 34, 85]  321
[39, 85, 86, 93]  318
[34, 39, 86, 93]  318
[34, 39, 85, 93]  318
[36, 39, 85, 93]  307
[23, 39, 85, 86]  304
[34, 39, 85, 86]  527
[36, 39, 85, 86]  435
[23, 34, 39, 86]  304
[23, 36, 39, 86]  304
[34, 36, 39, 86]  434
[1, 36, 86, 90]  367
[1, 36, 85, 90]  367
[1, 24, 36, 90]  309
[1, 36, 85, 86]  375
[1, 24, 36, 86]  312
[1, 24, 36, 85]  312
[23, 34, 39, 85]  304
[34, 36, 39, 85]  434
[23, 36, 39, 85]  304
[56, 85, 86, 90]  369
[34, 56, 85, 90]  369
[36, 56, 85, 90]  341
[34, 56, 86, 90]  369
[36, 56, 86, 90]  341
[34, 36, 56, 90]  341
[34, 56, 85, 86]  378
[36, 56, 85, 86]  350
[34, 36, 56, 85]  350
[34, 36, 56, 86]  350
[85, 86, 90, 116]  301
[34, 86, 90, 116]  301
[34, 85, 86, 116]  305
[85, 86, 90, 110]  395
[34, 86, 90, 110]  395
[34, 85, 86, 110]  400
[1, 85, 86, 90]  377
[1, 24, 86, 90]  319
[23, 86, 90, 93]  310
[85, 86, 90, 93]  340
[34, 86, 90, 93]  340
[36, 86, 90, 93]  323
[63, 86, 90, 93]  309
[59, 86, 90, 93]  319
[23, 85, 86, 90]  310
[23, 34, 86, 90]  310
[23, 36, 86, 90]  303
[24, 85, 86, 90]  408
[34, 85, 86, 90]  718
[36, 85, 86, 90]  626
[67, 85, 86, 90]  392
[10, 85, 86, 90]  310
[63, 85, 86, 90]  428
[76, 85, 86, 90]  368
[59, 85, 86, 90]  453
[24, 34, 86, 90]  408
[24, 36, 86, 90]  323
[34, 36, 86, 90]  626
[34, 67, 86, 90]  392
[10, 34, 86, 90]  310
[34, 63, 86, 90]  428
[34, 76, 86, 90]  368
[34, 59, 86, 90]  453
[36, 67, 86, 90]  300
[10, 36, 86, 90]  307
[36, 63, 86, 90]  368
[36, 59, 86, 90]  397
[59, 63, 86, 90]  357
[1, 24, 85, 90]  319
[34, 85, 90, 116]  301
[23, 85, 86, 93]  317
[23, 34, 86, 93]  317
[23, 36, 86, 93]  310
[34, 85, 86, 93]  378
[36, 85, 86, 93]  332
[63, 85, 86, 93]  331
[59, 85, 86, 93]  341
[34, 36, 86, 93]  332
[34, 63, 86, 93]  331
[34, 59, 86, 93]  341
[36, 59, 86, 93]  309
[59, 63, 86, 93]  313
[1, 24, 85, 86]  322
[34, 85, 90, 110]  395
[34, 52, 85, 86]  324
[23, 59, 85, 86]  313
[23, 34, 85, 86]  334
[23, 63, 85, 86]  303
[23, 36, 85, 86]  327
[23, 34, 59, 86]  313
[23, 36, 59, 86]  306
[23, 34, 63, 86]  303
[23, 34, 36, 86]  327
[23, 85, 90, 93]  310
[23, 34, 90, 93]  310
[23, 36, 90, 93]  303
[23, 34, 85, 93]  317
[23, 36, 85, 93]  310
[23, 34, 36, 93]  310
[23, 34, 85, 90]  310
[23, 36, 85, 90]  303
[23, 34, 36, 90]  303
[34, 36, 59, 63]  345
[34, 59, 63, 86]  390
[34, 59, 63, 85]  390
[34, 59, 63, 90]  357
[34, 59, 63, 93]  313
[23, 34, 36, 59]  306
[34, 36, 59, 86]  421
[34, 36, 59, 85]  421
[34, 36, 59, 90]  397
[34, 36, 59, 93]  309
[23, 34, 59, 85]  313
[34, 59, 85, 86]  492
[34, 59, 67, 86]  324
[34, 59, 76, 86]  311
[34, 59, 85, 90]  453
[34, 59, 85, 93]  341
[34, 59, 67, 85]  324
[34, 59, 76, 85]  311
[34, 59, 90, 93]  319
[34, 36, 63, 86]  392
[34, 36, 63, 85]  392
[34, 36, 63, 90]  368
[34, 63, 85, 86]  467
[34, 63, 67, 86]  306
[23, 34, 63, 85]  303
[34, 63, 85, 90]  428
[34, 63, 85, 93]  331
[34, 63, 67, 85]  306
[34, 63, 90, 93]  309
[23, 34, 36, 39]  304
[34, 36, 85, 86]  654
[24, 34, 36, 86]  327
[34, 36, 67, 86]  318
[34, 36, 76, 86]  301
[10, 34, 36, 86]  321
[34, 36, 85, 90]  626
[24, 34, 36, 85]  327
[34, 36, 85, 93]  332
[34, 36, 67, 85]  318
[34, 36, 76, 85]  301
[23, 34, 36, 85]  327
[10, 34, 36, 85]  321
[24, 34, 36, 90]  323
[34, 36, 90, 93]  323
[34, 36, 67, 90]  300
[10, 34, 36, 90]  307
[34, 85, 90, 93]  340
[36, 85, 90, 93]  341
[63, 85, 90, 93]  327
[59, 85, 90, 93]  337
[36, 63, 85, 93]  317
[36, 59, 85, 93]  327
[59, 63, 85, 93]  331
[24, 34, 85, 86]  441
[24, 36, 85, 86]  328
[34, 67, 85, 86]  439
[28, 34, 85, 86]  318
[10, 34, 85, 86]  324
[34, 76, 85, 86]  411
[36, 67, 85, 86]  318
[10, 36, 85, 86]  322
[36, 63, 85, 86]  392
[36, 76, 85, 86]  301
[36, 59, 85, 86]  421
[63, 67, 85, 86]  306
[67, 76, 85, 86]  335
[59, 67, 85, 86]  324
[59, 63, 85, 86]  390
[59, 76, 85, 86]  311
[24, 34, 85, 90]  408
[24, 36, 85, 90]  341
[34, 67, 85, 90]  392
[10, 34, 85, 90]  310
[34, 76, 85, 90]  368
[36, 67, 85, 90]  300
[10, 36, 85, 90]  307
[36, 63, 85, 90]  386
[36, 59, 85, 90]  415
[59, 63, 85, 90]  375
[23, 36, 59, 85]  306
[34, 67, 76, 86]  335
[34, 67, 76, 85]  335
[36, 59, 63, 90]  339
[36, 59, 63, 86]  345
[36, 59, 63, 85]  363
[36, 59, 63, 93]  305
[36, 63, 90, 93]  310
[36, 59, 90, 93]  320
[59, 63, 90, 93]  315
[3, 34, 36, 85, 86]  306
[3, 34, 85, 86, 90]  345
[34, 36, 85, 86, 110]  377
[36, 85, 86, 90, 110]  372
[34, 36, 86, 90, 110]  372
[34, 36, 85, 90, 110]  372
[2, 39, 85, 86, 90]  309
[2, 34, 85, 86, 90]  341
[2, 59, 85, 86, 90]  305
[2, 34, 39, 86, 90]  309
[2, 34, 59, 86, 90]  305
[2, 34, 39, 85, 90]  309
[2, 34, 59, 85, 90]  305
[2, 34, 39, 85, 86]  359
[2, 39, 59, 85, 86]  313
[2, 39, 63, 85, 86]  302
[2, 28, 34, 85, 86]  311
[2, 34, 59, 85, 86]  339
[2, 34, 63, 85, 86]  327
[2, 34, 39, 59, 86]  313
[2, 34, 39, 63, 86]  302
[2, 34, 39, 59, 85]  313
[2, 34, 39, 63, 85]  302
[34, 39, 63, 85, 86]  325
[39, 56, 85, 86, 90]  333
[34, 39, 56, 86, 90]  333
[36, 39, 56, 86, 90]  333
[34, 39, 56, 85, 90]  333
[36, 39, 56, 85, 90]  333
[34, 36, 39, 56, 90]  333
[34, 39, 56, 85, 86]  342
[36, 39, 56, 85, 86]  342
[34, 36, 39, 56, 86]  342
[34, 36, 39, 56, 85]  342
[34, 39, 59, 85, 86]  332
[34, 53, 85, 86, 90]  451
[36, 53, 85, 86, 90]  380
[53, 59, 85, 86, 90]  320
[53, 63, 85, 86, 90]  310
[34, 36, 53, 85, 90]  380
[34, 53, 59, 85, 90]  320
[34, 53, 63, 85, 90]  310
[34, 36, 53, 86, 90]  380
[34, 53, 59, 86, 90]  320
[34, 53, 63, 86, 90]  310
[34, 36, 53, 85, 86]  380
[34, 53, 59, 85, 86]  320
[34, 53, 63, 85, 86]  310
[34, 39, 85, 86, 90]  470
[36, 39, 85, 86, 90]  406
[34, 36, 39, 86, 90]  406
[34, 36, 39, 85, 90]  406
[1, 34, 36, 86, 90]  367
[1, 34, 36, 85, 90]  367
[1, 24, 34, 36, 90]  309
[1, 34, 36, 85, 86]  374
[1, 24, 34, 36, 86]  311
[1, 24, 34, 36, 85]  311
[1, 34, 85, 86, 90]  377
[1, 24, 34, 86, 90]  319
[1, 24, 34, 85, 90]  319
[1, 24, 34, 85, 86]  321
[34, 39, 85, 86, 93]  318
[23, 34, 39, 85, 86]  304
[23, 36, 39, 85, 86]  304
[34, 36, 39, 85, 86]  434
[23, 34, 36, 39, 86]  304
[1, 36, 85, 86, 90]  367
[1, 24, 36, 86, 90]  309
[1, 24, 36, 85, 90]  309
[1, 24, 36, 85, 86]  312
[23, 34, 36, 39, 85]  304
[34, 56, 85, 86, 90]  369
[36, 56, 85, 86, 90]  341
[34, 36, 56, 85, 90]  341
[34, 36, 56, 86, 90]  341
[34, 36, 56, 85, 86]  350
[34, 85, 86, 90, 116]  301
[34, 85, 86, 90, 110]  395
[1, 24, 85, 86, 90]  319
[23, 85, 86, 90, 93]  310
[23, 34, 86, 90, 93]  310
[23, 36, 86, 90, 93]  303
[34, 85, 86, 90, 93]  340
[36, 85, 86, 90, 93]  323
[63, 85, 86, 90, 93]  309
[59, 85, 86, 90, 93]  319
[34, 36, 86, 90, 93]  323
[34, 63, 86, 90, 93]  309
[34, 59, 86, 90, 93]  319
[36, 59, 86, 90, 93]  302
[23, 34, 85, 86, 90]  310
[23, 36, 85, 86, 90]  303
[23, 34, 36, 86, 90]  303
[24, 34, 85, 86, 90]  408
[24, 36, 85, 86, 90]  323
[34, 36, 85, 86, 90]  626
[34, 67, 85, 86, 90]  392
[10, 34, 85, 86, 90]  310
[34, 63, 85, 86, 90]  428
[34, 76, 85, 86, 90]  368
[34, 59, 85, 86, 90]  453
[36, 67, 85, 86, 90]  300
[10, 36, 85, 86, 90]  307
[36, 63, 85, 86, 90]  368
[36, 59, 85, 86, 90]  397
[59, 63, 85, 86, 90]  357
[24, 34, 36, 86, 90]  323
[34, 36, 67, 86, 90]  300
[10, 34, 36, 86, 90]  307
[34, 36, 63, 86, 90]  368
[34, 36, 59, 86, 90]  397
[34, 59, 63, 86, 90]  357
[36, 59, 63, 86, 90]  321
[23, 34, 85, 86, 93]  317
[23, 36, 85, 86, 93]  310
[23, 34, 36, 86, 93]  310
[34, 36, 85, 86, 93]  332
[34, 63, 85, 86, 93]  331
[34, 59, 85, 86, 93]  341
[36, 59, 85, 86, 93]  309
[59, 63, 85, 86, 93]  313
[34, 36, 59, 86, 93]  309
[34, 59, 63, 86, 93]  313
[23, 34, 59, 85, 86]  313
[23, 36, 59, 85, 86]  306
[23, 34, 63, 85, 86]  303
[23, 34, 36, 85, 86]  327
[23, 34, 36, 59, 86]  306
[23, 34, 85, 90, 93]  310
[23, 36, 85, 90, 93]  303
[23, 34, 36, 90, 93]  303
[23, 34, 36, 85, 93]  310
[23, 34, 36, 85, 90]  303
[34, 36, 59, 63, 86]  345
[34, 36, 59, 63, 85]  345
[34, 36, 59, 63, 90]  321
[34, 59, 63, 85, 86]  390
[34, 59, 63, 85, 90]  357
[34, 59, 63, 85, 93]  313
[23, 34, 36, 59, 85]  306
[34, 36, 59, 85, 86]  421
[34, 36, 59, 85, 90]  397
[34, 36, 59, 85, 93]  309
[34, 36, 59, 90, 93]  302
[34, 59, 67, 85, 86]  324
[34, 59, 76, 85, 86]  311
[34, 59, 85, 90, 93]  319
[34, 36, 63, 85, 86]  392
[34, 36, 63, 85, 90]  368
[34, 63, 67, 85, 86]  306
[34, 63, 85, 90, 93]  309
[24, 34, 36, 85, 86]  327
[34, 36, 67, 85, 86]  318
[34, 36, 76, 85, 86]  301
[10, 34, 36, 85, 86]  321
[24, 34, 36, 85, 90]  323
[34, 36, 85, 90, 93]  323
[34, 36, 67, 85, 90]  300
[10, 34, 36, 85, 90]  307
[36, 63, 85, 90, 93]  310
[36, 59, 85, 90, 93]  320
[59, 63, 85, 90, 93]  315
[36, 59, 63, 85, 93]  305
[34, 67, 76, 85, 86]  335
[36, 59, 63, 85, 86]  345
[36, 59, 63, 85, 90]  339
[34, 36, 85, 86, 90, 110]  372
[2, 34, 39, 85, 86, 90]  309
[2, 34, 59, 85, 86, 90]  305
[2, 34, 39, 59, 85, 86]  313
[2, 34, 39, 63, 85, 86]  302
[34, 39, 56, 85, 86, 90]  333
[36, 39, 56, 85, 86, 90]  333
[34, 36, 39, 56, 86, 90]  333
[34, 36, 39, 56, 85, 90]  333
[34, 36, 39, 56, 85, 86]  342
[34, 36, 53, 85, 86, 90]  380
[34, 53, 59, 85, 86, 90]  320
[34, 53, 63, 85, 86, 90]  310
[34, 36, 39, 85, 86, 90]  406
[1, 34, 36, 85, 86, 90]  367
[1, 24, 34, 36, 86, 90]  309
[1, 24, 34, 36, 85, 90]  309
[1, 24, 34, 36, 85, 86]  311
[1, 24, 34, 85, 86, 90]  319
[23, 34, 36, 39, 85, 86]  304
[1, 24, 36, 85, 86, 90]  309
[34, 36, 56, 85, 86, 90]  341
[23, 34, 85, 86, 90, 93]  310
[23, 36, 85, 86, 90, 93]  303
[23, 34, 36, 86, 90, 93]  303
[34, 36, 85, 86, 90, 93]  323
[34, 63, 85, 86, 90, 93]  309
[34, 59, 85, 86, 90, 93]  319
[36, 59, 85, 86, 90, 93]  302
[34, 36, 59, 86, 90, 93]  302
[23, 34, 36, 85, 86, 90]  303
[24, 34, 36, 85, 86, 90]  323
[34, 36, 67, 85, 86, 90]  300
[10, 34, 36, 85, 86, 90]  307
[34, 36, 63, 85, 86, 90]  368
[34, 36, 59, 85, 86, 90]  397
[34, 59, 63, 85, 86, 90]  357
[36, 59, 63, 85, 86, 90]  321
[34, 36, 59, 63, 86, 90]  321
[23, 34, 36, 85, 86, 93]  310
[34, 36, 59, 85, 86, 93]  309
[34, 59, 63, 85, 86, 93]  313
[23, 34, 36, 59, 85, 86]  306
[23, 34, 36, 85, 90, 93]  303
[34, 36, 59, 63, 85, 86]  345
[34, 36, 59, 63, 85, 90]  321
[34, 36, 59, 85, 90, 93]  302
[34, 36, 39, 56, 85, 86, 90]  333
[1, 24, 34, 36, 85, 86, 90]  309
[23, 34, 36, 85, 86, 90, 93]  303
[34, 36, 59, 85, 86, 90, 93]  302
[34, 36, 59, 63, 85, 86, 90]  321
