36  150
34  168
39  119
23  65
24  111
28  79
3  82
2  89
1  87
6  65
9  61
94  61
93  86
90  166
10  64
116  66
110  88
86  168
85  176
67  91
76  89
59  119
56  81
63  109
52  73
53  103
[36, 116]  64
[3, 34]  81
[3, 36]  71
[2, 93]  66
[36, 110]  86
[3, 59]  62
[2, 90]  80
[2, 86]  81
[2, 85]  89
[39, 63]  76
[53, 110]  69
[39, 56]  74
[39, 59]  82
[39, 53]  64
[3, 90]  79
[53, 90]  103
[3, 86]  81
[53, 85]  103
[3, 85]  82
[53, 86]  103
[39, 90]  109
[1, 34]  87
[39, 93]  70
[1, 36]  85
[39, 86]  111
[39, 85]  119
[2, 28]  79
[56, 90]  80
[56, 85]  81
[56, 86]  81
[2, 36]  65
[86, 116]  66
[2, 34]  81
[2, 39]  83
[86, 110]  84
[86, 90]  158
[1, 90]  86
[2, 59]  81
[85, 116]  66
[2, 63]  73
[86, 94]  61
[1, 86]  87
[86, 93]  78
[1, 85]  87
[85, 110]  88
[34, 52]  65
[23, 86]  65
[23, 93]  62
[34, 53]  103
[34, 56]  81
[23, 90]  62
[34, 59]  111
[34, 63]  101
[85, 94]  61
[6, 90]  63
[34, 36]  142
[85, 93]  86
[6, 85]  65
[6, 86]  63
[34, 39]  111
[85, 86]  168
[85, 90]  166
[24, 85]  111
[24, 86]  103
[23, 59]  64
[34, 86]  168
[34, 85]  168
[23, 63]  62
[34, 90]  158
[24, 34]  103
[24, 36]  85
[34, 94]  61
[34, 93]  78
[34, 67]  91
[24, 39]  60
[34, 76]  89
[23, 85]  65
[36, 56]  78
[36, 52]  65
[34, 116]  66
[36, 53]  85
[36, 63]  95
[23, 36]  65
[23, 34]  65
[36, 59]  100
[52, 85]  73
[36, 39]  96
[52, 86]  65
[53, 59]  75
[52, 90]  63
[34, 110]  84
[53, 63]  73
[6, 34]  63
[36, 90]  145
[67, 90]  84
[36, 86]  142
[36, 85]  150
[67, 85]  91
[36, 93]  79
[67, 86]  91
[67, 76]  72
[36, 67]  65
[36, 76]  64
[28, 86]  71
[63, 76]  65
[28, 85]  79
[28, 90]  70
[63, 67]  69
[10, 90]  60
[63, 90]  105
[10, 85]  64
[63, 93]  78
[10, 86]  64
[63, 86]  101
[28, 59]  71
[63, 85]  109
[28, 63]  65
[28, 39]  73
[28, 34]  71
[10, 36]  64
[10, 34]  64
[9, 85]  61
[24, 90]  104
[59, 63]  96
[76, 90]  83
[76, 85]  89
[76, 86]  89
[59, 67]  73
[59, 76]  73
[59, 86]  111
[59, 85]  119
[1, 24]  73
[59, 93]  84
[59, 90]  111
[90, 93]  80
[90, 116]  64
[59, 110]  60
[90, 110]  88
[36, 86, 116]  64
[36, 85, 116]  64
[34, 36, 116]  64
[36, 90, 116]  62
[3, 34, 36]  70
[3, 34, 59]  61
[3, 34, 90]  78
[3, 34, 86]  81
[3, 34, 85]  81
[3, 36, 90]  70
[3, 36, 86]  70
[3, 36, 85]  71
[2, 90, 93]  60
[2, 85, 93]  66
[2, 39, 93]  62
[2, 36, 93]  61
[2, 59, 93]  65
[36, 53, 110]  69
[36, 86, 110]  82
[36, 85, 110]  86
[34, 36, 110]  82
[36, 90, 110]  86
[3, 59, 86]  61
[3, 59, 85]  62
[2, 86, 90]  72
[2, 85, 90]  80
[2, 39, 90]  74
[2, 28, 90]  70
[2, 36, 90]  61
[2, 34, 90]  72
[2, 59, 90]  73
[2, 63, 90]  69
[2, 85, 86]  81
[2, 39, 86]  75
[2, 28, 86]  71
[2, 34, 86]  81
[2, 59, 86]  73
[2, 63, 86]  65
[2, 39, 85]  83
[2, 28, 85]  79
[2, 36, 85]  65
[2, 34, 85]  81
[2, 59, 85]  81
[2, 63, 85]  73
[39, 59, 63]  69
[39, 63, 90]  72
[39, 63, 93]  62
[39, 63, 86]  68
[39, 63, 85]  76
[2, 39, 63]  69
[34, 39, 63]  68
[36, 39, 63]  64
[28, 39, 63]  61
[53, 90, 110]  69
[53, 85, 110]  69
[53, 86, 110]  69
[34, 53, 110]  69
[39, 56, 90]  73
[39, 56, 86]  74
[39, 56, 85]  74
[34, 39, 56]  74
[36, 39, 56]  74
[39, 59, 90]  74
[39, 59, 93]  68
[39, 59, 86]  74
[39, 59, 85]  82
[2, 39, 59]  75
[34, 39, 59]  74
[36, 39, 59]  66
[28, 39, 59]  65
[39, 53, 90]  64
[39, 53, 85]  64
[39, 53, 86]  64
[34, 39, 53]  64
[3, 86, 90]  78
[3, 85, 90]  79
[53, 85, 90]  103
[53, 86, 90]  103
[34, 53, 90]  103
[36, 53, 90]  85
[53, 59, 90]  75
[53, 63, 90]  73
[3, 85, 86]  81
[53, 85, 86]  103
[34, 53, 85]  103
[36, 53, 85]  85
[53, 59, 85]  75
[53, 63, 85]  73
[34, 53, 86]  103
[36, 53, 86]  85
[53, 59, 86]  75
[53, 63, 86]  73
[39, 90, 93]  64
[39, 86, 90]  101
[39, 85, 90]  109
[34, 39, 90]  101
[36, 39, 90]  91
[28, 39, 90]  64
[1, 34, 36]  85
[1, 34, 90]  86
[1, 34, 86]  87
[1, 34, 85]  87
[1, 24, 34]  73
[39, 86, 93]  62
[39, 85, 93]  70
[34, 39, 93]  62
[36, 39, 93]  65
[1, 36, 90]  84
[1, 36, 86]  85
[1, 36, 85]  85
[1, 24, 36]  71
[39, 85, 86]  111
[34, 39, 86]  111
[36, 39, 86]  88
[28, 39, 86]  65
[34, 39, 85]  111
[24, 39, 85]  60
[36, 39, 85]  96
[28, 39, 85]  73
[2, 28, 34]  71
[2, 28, 39]  73
[2, 28, 59]  71
[2, 28, 63]  65
[56, 85, 90]  80
[56, 86, 90]  80
[34, 56, 90]  80
[36, 56, 90]  77
[56, 85, 86]  81
[34, 56, 85]  81
[36, 56, 85]  78
[34, 56, 86]  81
[36, 56, 86]  78
[2, 36, 39]  60
[2, 36, 59]  64
[2, 36, 63]  61
[86, 90, 116]  64
[85, 86, 116]  66
[34, 86, 116]  66
[2, 34, 39]  75
[2, 34, 59]  73
[2, 34, 63]  65
[86, 90, 110]  84
[85, 86, 110]  84
[34, 86, 110]  84
[1, 86, 90]  86
[86, 90, 93]  72
[23, 86, 90]  62
[6, 86, 90]  61
[85, 86, 90]  158
[24, 86, 90]  96
[34, 86, 90]  158
[36, 86, 90]  137
[67, 86, 90]  84
[28, 86, 90]  62
[10, 86, 90]  60
[63, 86, 90]  97
[76, 86, 90]  83
[59, 86, 90]  103
[1, 85, 90]  86
[1, 24, 90]  72
[2, 59, 63]  66
[85, 90, 116]  64
[34, 85, 116]  66
[85, 86, 94]  61
[34, 86, 94]  61
[1, 85, 86]  87
[1, 24, 86]  73
[23, 86, 93]  62
[85, 86, 93]  78
[34, 86, 93]  78
[36, 86, 93]  71
[63, 86, 93]  70
[59, 86, 93]  76
[1, 24, 85]  73
[85, 90, 110]  88
[34, 85, 110]  84
[59, 85, 110]  60
[34, 52, 86]  65
[34, 52, 85]  65
[23, 85, 86]  65
[23, 59, 86]  64
[23, 34, 86]  65
[23, 63, 86]  62
[23, 36, 86]  65
[23, 90, 93]  62
[23, 85, 93]  62
[23, 59, 93]  61
[23, 34, 93]  62
[23, 36, 93]  62
[34, 53, 59]  75
[34, 53, 63]  73
[34, 36, 53]  85
[34, 36, 56]  78
[23, 85, 90]  62
[23, 59, 90]  61
[23, 34, 90]  62
[23, 36, 90]  62
[34, 59, 63]  88
[34, 36, 59]  92
[23, 34, 59]  64
[34, 59, 86]  111
[34, 59, 85]  111
[34, 59, 90]  103
[34, 59, 93]  76
[34, 59, 67]  73
[34, 59, 76]  73
[28, 34, 59]  63
[34, 36, 63]  87
[34, 63, 86]  101
[34, 63, 85]  101
[23, 34, 63]  62
[34, 63, 90]  97
[34, 63, 93]  70
[34, 63, 67]  69
[34, 63, 76]  65
[34, 85, 94]  61
[6, 85, 90]  63
[6, 34, 90]  61
[34, 36, 39]  88
[34, 36, 86]  142
[34, 36, 85]  142
[34, 36, 90]  137
[24, 34, 36]  77
[34, 36, 93]  71
[34, 36, 67]  65
[34, 36, 76]  64
[23, 34, 36]  65
[10, 34, 36]  64
[85, 90, 93]  80
[34, 85, 93]  78
[36, 85, 93]  79
[63, 85, 93]  78
[59, 85, 93]  84
[6, 85, 86]  63
[6, 34, 85]  63
[6, 34, 86]  63
[28, 34, 39]  65
[24, 85, 86]  103
[34, 85, 86]  168
[52, 85, 86]  65
[36, 85, 86]  142
[67, 85, 86]  91
[28, 85, 86]  71
[10, 85, 86]  64
[63, 85, 86]  101
[76, 85, 86]  89
[59, 85, 86]  111
[24, 85, 90]  104
[34, 85, 90]  158
[52, 85, 90]  63
[36, 85, 90]  145
[67, 85, 90]  84
[28, 85, 90]  70
[10, 85, 90]  60
[63, 85, 90]  105
[76, 85, 90]  83
[59, 85, 90]  111
[24, 34, 85]  103
[24, 36, 85]  85
[24, 34, 86]  103
[24, 36, 86]  77
[23, 59, 63]  62
[23, 59, 85]  64
[23, 36, 59]  64
[34, 67, 86]  91
[34, 76, 86]  89
[28, 34, 86]  71
[10, 34, 86]  64
[34, 67, 85]  91
[34, 76, 85]  89
[23, 34, 85]  65
[28, 34, 85]  71
[10, 34, 85]  64
[23, 63, 85]  62
[23, 36, 63]  62
[24, 34, 90]  96
[34, 90, 93]  72
[34, 67, 90]  84
[34, 76, 90]  83
[34, 90, 116]  64
[34, 90, 110]  84
[28, 34, 90]  62
[10, 34, 90]  60
[24, 36, 90]  83
[34, 67, 76]  72
[23, 36, 85]  65
[36, 52, 85]  65
[36, 52, 90]  60
[36, 53, 63]  62
[36, 53, 59]  64
[36, 59, 63]  89
[36, 63, 90]  92
[36, 63, 86]  87
[36, 63, 85]  95
[36, 63, 93]  75
[36, 59, 90]  97
[36, 59, 86]  92
[36, 59, 85]  100
[36, 59, 93]  77
[53, 59, 63]  60
[36, 67, 90]  63
[36, 90, 93]  78
[36, 76, 90]  63
[10, 36, 90]  60
[67, 76, 90]  66
[63, 67, 90]  66
[59, 67, 90]  66
[36, 67, 86]  65
[36, 76, 86]  64
[10, 36, 86]  64
[36, 67, 85]  65
[36, 76, 85]  64
[10, 36, 85]  64
[67, 76, 85]  72
[63, 67, 85]  69
[59, 67, 85]  73
[67, 76, 86]  72
[63, 67, 86]  69
[59, 67, 86]  73
[59, 67, 76]  61
[28, 59, 86]  63
[63, 76, 90]  63
[63, 76, 86]  65
[63, 76, 85]  65
[28, 59, 85]  71
[28, 63, 85]  65
[28, 63, 90]  61
[28, 59, 90]  63
[63, 90, 93]  77
[59, 63, 90]  92
[59, 63, 93]  78
[59, 63, 86]  88
[59, 63, 85]  96
[59, 76, 90]  67
[59, 76, 85]  73
[59, 76, 86]  73
[59, 90, 93]  79
[59, 90, 110]  60
[36, 85, 86, 116]  64
[34, 36, 86, 116]  64
[36, 86, 90, 116]  62
[34, 36, 85, 116]  64
[36, 85, 90, 116]  62
[34, 36, 90, 116]  62
[3, 34, 36, 90]  69
[3, 34, 36, 86]  70
[3, 34, 36, 85]  70
[3, 34, 59, 86]  61
[3, 34, 59, 85]  61
[3, 34, 86, 90]  78
[3, 34, 85, 90]  78
[3, 34, 85, 86]  81
[3, 36, 86, 90]  69
[3, 36, 85, 90]  70
[3, 36, 85, 86]  70
[2, 85, 90, 93]  60
[2, 36, 90, 93]  60
[2, 59, 90, 93]  60
[2, 39, 85, 93]  62
[2, 36, 85, 93]  61
[2, 59, 85, 93]  65
[2, 39, 59, 93]  61
[2, 36, 59, 93]  60
[36, 53, 86, 110]  69
[36, 53, 85, 110]  69
[34, 36, 53, 110]  69
[36, 53, 90, 110]  69
[36, 85, 86, 110]  82
[34, 36, 86, 110]  82
[36, 86, 90, 110]  82
[34, 36, 85, 110]  82
[36, 85, 90, 110]  86
[34, 36, 90, 110]  82
[3, 59, 85, 86]  61
[2, 85, 86, 90]  72
[2, 39, 86, 90]  66
[2, 28, 86, 90]  62
[2, 34, 86, 90]  72
[2, 59, 86, 90]  65
[2, 63, 86, 90]  61
[2, 39, 85, 90]  74
[2, 28, 85, 90]  70
[2, 36, 85, 90]  61
[2, 34, 85, 90]  72
[2, 59, 85, 90]  73
[2, 63, 85, 90]  69
[2, 28, 39, 90]  64
[2, 34, 39, 90]  66
[2, 39, 59, 90]  67
[2, 39, 63, 90]  65
[2, 28, 34, 90]  62
[2, 28, 59, 90]  63
[2, 28, 63, 90]  61
[2, 36, 59, 90]  61
[2, 34, 59, 90]  65
[2, 34, 63, 90]  61
[2, 59, 63, 90]  62
[2, 39, 85, 86]  75
[2, 28, 85, 86]  71
[2, 34, 85, 86]  81
[2, 59, 85, 86]  73
[2, 63, 85, 86]  65
[2, 28, 39, 86]  65
[2, 34, 39, 86]  75
[2, 39, 59, 86]  67
[2, 39, 63, 86]  61
[2, 28, 34, 86]  71
[2, 28, 59, 86]  63
[2, 34, 59, 86]  73
[2, 34, 63, 86]  65
[2, 28, 39, 85]  73
[2, 36, 39, 85]  60
[2, 34, 39, 85]  75
[2, 39, 59, 85]  75
[2, 39, 63, 85]  69
[2, 28, 34, 85]  71
[2, 28, 59, 85]  71
[2, 28, 63, 85]  65
[2, 36, 59, 85]  64
[2, 36, 63, 85]  61
[2, 34, 59, 85]  73
[2, 34, 63, 85]  65
[2, 59, 63, 85]  66
[39, 59, 63, 90]  65
[39, 59, 63, 93]  62
[39, 59, 63, 86]  61
[39, 59, 63, 85]  69
[2, 39, 59, 63]  62
[34, 39, 59, 63]  61
[36, 39, 59, 63]  64
[39, 63, 90, 93]  61
[39, 63, 86, 90]  64
[39, 63, 85, 90]  72
[34, 39, 63, 90]  64
[36, 39, 63, 90]  61
[39, 63, 85, 93]  62
[36, 39, 63, 93]  61
[39, 63, 85, 86]  68
[34, 39, 63, 86]  68
[34, 39, 63, 85]  68
[36, 39, 63, 85]  64
[28, 39, 63, 85]  61
[2, 34, 39, 63]  61
[2, 28, 39, 63]  61
[53, 85, 90, 110]  69
[53, 86, 90, 110]  69
[34, 53, 90, 110]  69
[53, 85, 86, 110]  69
[34, 53, 85, 110]  69
[34, 53, 86, 110]  69
[39, 56, 86, 90]  73
[39, 56, 85, 90]  73
[34, 39, 56, 90]  73
[36, 39, 56, 90]  73
[39, 56, 85, 86]  74
[34, 39, 56, 86]  74
[36, 39, 56, 86]  74
[34, 39, 56, 85]  74
[36, 39, 56, 85]  74
[34, 36, 39, 56]  74
[39, 59, 90, 93]  63
[39, 59, 86, 90]  66
[39, 59, 85, 90]  74
[34, 39, 59, 90]  66
[36, 39, 59, 90]  63
[39, 59, 86, 93]  60
[39, 59, 85, 93]  68
[34, 39, 59, 93]  60
[36, 39, 59, 93]  63
[39, 59, 85, 86]  74
[34, 39, 59, 86]  74
[34, 39, 59, 85]  74
[36, 39, 59, 85]  66
[28, 39, 59, 85]  65
[2, 34, 39, 59]  67
[2, 28, 39, 59]  65
[39, 53, 85, 90]  64
[39, 53, 86, 90]  64
[34, 39, 53, 90]  64
[39, 53, 85, 86]  64
[34, 39, 53, 85]  64
[34, 39, 53, 86]  64
[3, 85, 86, 90]  78
[53, 85, 86, 90]  103
[34, 53, 85, 90]  103
[36, 53, 85, 90]  85
[53, 59, 85, 90]  75
[53, 63, 85, 90]  73
[34, 53, 86, 90]  103
[36, 53, 86, 90]  85
[53, 59, 86, 90]  75
[53, 63, 86, 90]  73
[34, 36, 53, 90]  85
[34, 53, 59, 90]  75
[34, 53, 63, 90]  73
[36, 53, 59, 90]  64
[36, 53, 63, 90]  62
[53, 59, 63, 90]  60
[34, 53, 85, 86]  103
[36, 53, 85, 86]  85
[53, 59, 85, 86]  75
[53, 63, 85, 86]  73
[34, 36, 53, 85]  85
[34, 53, 59, 85]  75
[34, 53, 63, 85]  73
[36, 53, 59, 85]  64
[36, 53, 63, 85]  62
[53, 59, 63, 85]  60
[34, 36, 53, 86]  85
[34, 53, 59, 86]  75
[34, 53, 63, 86]  73
[36, 53, 59, 86]  64
[36, 53, 63, 86]  62
[53, 59, 63, 86]  60
[39, 85, 90, 93]  64
[36, 39, 90, 93]  64
[39, 85, 86, 90]  101
[34, 39, 86, 90]  101
[36, 39, 86, 90]  83
[34, 39, 85, 90]  101
[36, 39, 85, 90]  91
[28, 39, 85, 90]  64
[34, 36, 39, 90]  83
[1, 34, 36, 90]  84
[1, 34, 36, 86]  85
[1, 34, 36, 85]  85
[1, 24, 34, 36]  71
[1, 34, 86, 90]  86
[1, 34, 85, 90]  86
[1, 24, 34, 90]  72
[1, 34, 85, 86]  87
[1, 24, 34, 86]  73
[1, 24, 34, 85]  73
[39, 85, 86, 93]  62
[34, 39, 86, 93]  62
[34, 39, 85, 93]  62
[36, 39, 85, 93]  65
[1, 36, 86, 90]  84
[1, 36, 85, 90]  84
[1, 24, 36, 90]  70
[1, 36, 85, 86]  85
[1, 24, 36, 86]  71
[1, 24, 36, 85]  71
[34, 39, 85, 86]  111
[36, 39, 85, 86]  88
[28, 39, 85, 86]  65
[34, 36, 39, 86]  88
[28, 34, 39, 86]  65
[34, 36, 39, 85]  88
[28, 34, 39, 85]  65
[2, 28, 34, 39]  65
[2, 28, 34, 59]  63
[56, 85, 86, 90]  80
[34, 56, 85, 90]  80
[36, 56, 85, 90]  77
[34, 56, 86, 90]  80
[36, 56, 86, 90]  77
[34, 36, 56, 90]  77
[34, 56, 85, 86]  81
[36, 56, 85, 86]  78
[34, 36, 56, 85]  78
[34, 36, 56, 86]  78
[2, 36, 59, 63]  61
[85, 86, 90, 116]  64
[34, 86, 90, 116]  64
[34, 85, 86, 116]  66
[85, 86, 90, 110]  84
[34, 86, 90, 110]  84
[34, 85, 86, 110]  84
[1, 85, 86, 90]  86
[1, 24, 86, 90]  72
[23, 86, 90, 93]  62
[85, 86, 90, 93]  72
[34, 86, 90, 93]  72
[36, 86, 90, 93]  70
[63, 86, 90, 93]  69
[59, 86, 90, 93]  71
[23, 85, 86, 90]  62
[23, 34, 86, 90]  62
[23, 36, 86, 90]  62
[23, 59, 86, 90]  61
[6, 85, 86, 90]  61
[6, 34, 86, 90]  61
[24, 85, 86, 90]  96
[34, 85, 86, 90]  158
[36, 85, 86, 90]  137
[67, 85, 86, 90]  84
[28, 85, 86, 90]  62
[10, 85, 86, 90]  60
[63, 85, 86, 90]  97
[76, 85, 86, 90]  83
[59, 85, 86, 90]  103
[24, 34, 86, 90]  96
[24, 36, 86, 90]  75
[34, 36, 86, 90]  137
[34, 67, 86, 90]  84
[28, 34, 86, 90]  62
[10, 34, 86, 90]  60
[34, 63, 86, 90]  97
[34, 76, 86, 90]  83
[34, 59, 86, 90]  103
[36, 67, 86, 90]  63
[10, 36, 86, 90]  60
[36, 63, 86, 90]  84
[36, 76, 86, 90]  63
[36, 59, 86, 90]  89
[63, 67, 86, 90]  66
[67, 76, 86, 90]  66
[59, 67, 86, 90]  66
[63, 76, 86, 90]  63
[59, 63, 86, 90]  84
[59, 76, 86, 90]  67
[1, 24, 85, 90]  72
[34, 85, 90, 116]  64
[34, 85, 86, 94]  61
[1, 24, 85, 86]  73
[23, 85, 86, 93]  62
[23, 34, 86, 93]  62
[23, 36, 86, 93]  62
[23, 59, 86, 93]  61
[34, 85, 86, 93]  78
[36, 85, 86, 93]  71
[63, 85, 86, 93]  70
[59, 85, 86, 93]  76
[34, 36, 86, 93]  71
[34, 63, 86, 93]  70
[34, 59, 86, 93]  76
[36, 63, 86, 93]  67
[36, 59, 86, 93]  69
[59, 63, 86, 93]  70
[34, 85, 90, 110]  84
[59, 85, 90, 110]  60
[34, 52, 85, 86]  65
[23, 59, 85, 86]  64
[23, 34, 85, 86]  65
[23, 63, 85, 86]  62
[23, 36, 85, 86]  65
[23, 34, 59, 86]  64
[23, 59, 63, 86]  62
[23, 36, 59, 86]  64
[23, 34, 63, 86]  62
[23, 34, 36, 86]  65
[23, 36, 63, 86]  62
[23, 85, 90, 93]  62
[23, 59, 90, 93]  61
[23, 34, 90, 93]  62
[23, 36, 90, 93]  62
[23, 59, 85, 93]  61
[23, 34, 85, 93]  62
[23, 36, 85, 93]  62
[23, 34, 59, 93]  61
[23, 36, 59, 93]  61
[23, 34, 36, 93]  62
[34, 53, 59, 63]  60
[34, 36, 53, 59]  64
[34, 36, 53, 63]  62
[23, 59, 85, 90]  61
[23, 34, 85, 90]  62
[23, 36, 85, 90]  62
[23, 34, 59, 90]  61
[23, 36, 59, 90]  61
[23, 34, 36, 90]  62
[34, 36, 59, 63]  81
[23, 34, 59, 63]  62
[34, 59, 63, 86]  88
[34, 59, 63, 85]  88
[34, 59, 63, 90]  84
[34, 59, 63, 93]  70
[23, 34, 36, 59]  64
[34, 36, 59, 86]  92
[34, 36, 59, 85]  92
[34, 36, 59, 90]  89
[34, 36, 59, 93]  69
[23, 34, 59, 85]  64
[34, 59, 85, 86]  111
[34, 59, 67, 86]  73
[34, 59, 76, 86]  73
[28, 34, 59, 86]  63
[34, 59, 85, 90]  103
[34, 59, 85, 93]  76
[34, 59, 67, 85]  73
[34, 59, 76, 85]  73
[28, 34, 59, 85]  63
[34, 59, 90, 93]  71
[34, 59, 67, 90]  66
[34, 59, 76, 90]  67
[34, 59, 67, 76]  61
[34, 36, 63, 86]  87
[34, 36, 63, 85]  87
[23, 34, 36, 63]  62
[34, 36, 63, 90]  84
[34, 36, 63, 93]  67
[34, 63, 85, 86]  101
[34, 63, 67, 86]  69
[34, 63, 76, 86]  65
[23, 34, 63, 85]  62
[34, 63, 85, 90]  97
[34, 63, 85, 93]  70
[34, 63, 67, 85]  69
[34, 63, 76, 85]  65
[34, 63, 90, 93]  69
[34, 63, 67, 90]  66
[34, 63, 76, 90]  63
[6, 34, 85, 90]  61
[34, 36, 85, 86]  142
[24, 34, 36, 86]  77
[34, 36, 67, 86]  65
[34, 36, 76, 86]  64
[10, 34, 36, 86]  64
[34, 36, 85, 90]  137
[24, 34, 36, 85]  77
[34, 36, 85, 93]  71
[34, 36, 67, 85]  65
[34, 36, 76, 85]  64
[23, 34, 36, 85]  65
[10, 34, 36, 85]  64
[24, 34, 36, 90]  75
[34, 36, 90, 93]  70
[34, 36, 67, 90]  63
[34, 36, 76, 90]  63
[10, 34, 36, 90]  60
[34, 85, 90, 93]  72
[36, 85, 90, 93]  78
[63, 85, 90, 93]  77
[59, 85, 90, 93]  79
[36, 63, 85, 93]  75
[36, 59, 85, 93]  77
[59, 63, 85, 93]  78
[6, 34, 85, 86]  63
[24, 34, 85, 86]  103
[24, 36, 85, 86]  77
[34, 67, 85, 86]  91
[28, 34, 85, 86]  71
[10, 34, 85, 86]  64
[34, 76, 85, 86]  89
[36, 67, 85, 86]  65
[10, 36, 85, 86]  64
[36, 63, 85, 86]  87
[36, 76, 85, 86]  64
[36, 59, 85, 86]  92
[63, 67, 85, 86]  69
[67, 76, 85, 86]  72
[59, 67, 85, 86]  73
[28, 59, 85, 86]  63
[63, 76, 85, 86]  65
[59, 63, 85, 86]  88
[59, 76, 85, 86]  73
[24, 34, 85, 90]  96
[24, 36, 85, 90]  83
[34, 67, 85, 90]  84
[28, 34, 85, 90]  62
[10, 34, 85, 90]  60
[34, 76, 85, 90]  83
[36, 52, 85, 90]  60
[36, 67, 85, 90]  63
[10, 36, 85, 90]  60
[36, 63, 85, 90]  92
[36, 76, 85, 90]  63
[36, 59, 85, 90]  97
[63, 67, 85, 90]  66
[67, 76, 85, 90]  66
[59, 67, 85, 90]  66
[28, 63, 85, 90]  61
[28, 59, 85, 90]  63
[63, 76, 85, 90]  63
[59, 63, 85, 90]  92
[59, 76, 85, 90]  67
[23, 59, 63, 85]  62
[23, 36, 59, 63]  62
[23, 36, 59, 85]  64
[34, 67, 76, 86]  72
[34, 67, 76, 85]  72
[23, 36, 63, 85]  62
[34, 67, 76, 90]  66
[36, 59, 63, 90]  86
[36, 59, 63, 86]  81
[36, 59, 63, 85]  89
[36, 59, 63, 93]  75
[36, 63, 90, 93]  75
[36, 59, 90, 93]  77
[59, 67, 76, 85]  61
[59, 67, 76, 86]  61
[59, 63, 90, 93]  77
[34, 36, 85, 86, 116]  64
[36, 85, 86, 90, 116]  62
[34, 36, 86, 90, 116]  62
[34, 36, 85, 90, 116]  62
[3, 34, 36, 86, 90]  69
[3, 34, 36, 85, 90]  69
[3, 34, 36, 85, 86]  70
[3, 34, 59, 85, 86]  61
[3, 34, 85, 86, 90]  78
[3, 36, 85, 86, 90]  69
[2, 36, 85, 90, 93]  60
[2, 59, 85, 90, 93]  60
[2, 36, 59, 90, 93]  60
[2, 39, 59, 85, 93]  61
[2, 36, 59, 85, 93]  60
[36, 53, 85, 86, 110]  69
[34, 36, 53, 86, 110]  69
[36, 53, 86, 90, 110]  69
[34, 36, 53, 85, 110]  69
[36, 53, 85, 90, 110]  69
[34, 36, 53, 90, 110]  69
[34, 36, 85, 86, 110]  82
[36, 85, 86, 90, 110]  82
[34, 36, 86, 90, 110]  82
[34, 36, 85, 90, 110]  82
[2, 39, 85, 86, 90]  66
[2, 28, 85, 86, 90]  62
[2, 34, 85, 86, 90]  72
[2, 59, 85, 86, 90]  65
[2, 63, 85, 86, 90]  61
[2, 34, 39, 86, 90]  66
[2, 28, 34, 86, 90]  62
[2, 34, 59, 86, 90]  65
[2, 34, 63, 86, 90]  61
[2, 28, 39, 85, 90]  64
[2, 34, 39, 85, 90]  66
[2, 39, 59, 85, 90]  67
[2, 39, 63, 85, 90]  65
[2, 28, 34, 85, 90]  62
[2, 28, 59, 85, 90]  63
[2, 28, 63, 85, 90]  61
[2, 36, 59, 85, 90]  61
[2, 34, 59, 85, 90]  65
[2, 34, 63, 85, 90]  61
[2, 59, 63, 85, 90]  62
[2, 28, 39, 85, 86]  65
[2, 34, 39, 85, 86]  75
[2, 39, 59, 85, 86]  67
[2, 39, 63, 85, 86]  61
[2, 28, 34, 85, 86]  71
[2, 28, 59, 85, 86]  63
[2, 34, 59, 85, 86]  73
[2, 34, 63, 85, 86]  65
[2, 28, 34, 39, 86]  65
[2, 34, 39, 59, 86]  67
[2, 34, 39, 63, 86]  61
[2, 28, 34, 59, 86]  63
[2, 28, 34, 39, 85]  65
[2, 28, 39, 59, 85]  65
[2, 28, 39, 63, 85]  61
[2, 34, 39, 59, 85]  67
[2, 34, 39, 63, 85]  61
[2, 39, 59, 63, 85]  62
[2, 28, 34, 59, 85]  63
[2, 36, 59, 63, 85]  61
[39, 59, 63, 90, 93]  61
[39, 59, 63, 85, 90]  65
[36, 39, 59, 63, 90]  61
[39, 59, 63, 85, 93]  62
[36, 39, 59, 63, 93]  61
[39, 59, 63, 85, 86]  61
[34, 39, 59, 63, 86]  61
[34, 39, 59, 63, 85]  61
[36, 39, 59, 63, 85]  64
[39, 63, 85, 90, 93]  61
[36, 39, 63, 90, 93]  61
[39, 63, 85, 86, 90]  64
[34, 39, 63, 86, 90]  64
[34, 39, 63, 85, 90]  64
[36, 39, 63, 85, 90]  61
[36, 39, 63, 85, 93]  61
[34, 39, 63, 85, 86]  68
[53, 85, 86, 90, 110]  69
[34, 53, 85, 90, 110]  69
[34, 53, 86, 90, 110]  69
[34, 53, 85, 86, 110]  69
[39, 56, 85, 86, 90]  73
[34, 39, 56, 86, 90]  73
[36, 39, 56, 86, 90]  73
[34, 39, 56, 85, 90]  73
[36, 39, 56, 85, 90]  73
[34, 36, 39, 56, 90]  73
[34, 39, 56, 85, 86]  74
[36, 39, 56, 85, 86]  74
[34, 36, 39, 56, 86]  74
[34, 36, 39, 56, 85]  74
[39, 59, 85, 90, 93]  63
[36, 39, 59, 90, 93]  63
[39, 59, 85, 86, 90]  66
[34, 39, 59, 86, 90]  66
[34, 39, 59, 85, 90]  66
[36, 39, 59, 85, 90]  63
[39, 59, 85, 86, 93]  60
[34, 39, 59, 86, 93]  60
[34, 39, 59, 85, 93]  60
[36, 39, 59, 85, 93]  63
[34, 39, 59, 85, 86]  74
[39, 53, 85, 86, 90]  64
[34, 39, 53, 85, 90]  64
[34, 39, 53, 86, 90]  64
[34, 39, 53, 85, 86]  64
[34, 53, 85, 86, 90]  103
[36, 53, 85, 86, 90]  85
[53, 59, 85, 86, 90]  75
[53, 63, 85, 86, 90]  73
[34, 36, 53, 85, 90]  85
[34, 53, 59, 85, 90]  75
[34, 53, 63, 85, 90]  73
[36, 53, 59, 85, 90]  64
[36, 53, 63, 85, 90]  62
[53, 59, 63, 85, 90]  60
[34, 36, 53, 86, 90]  85
[34, 53, 59, 86, 90]  75
[34, 53, 63, 86, 90]  73
[36, 53, 59, 86, 90]  64
[36, 53, 63, 86, 90]  62
[53, 59, 63, 86, 90]  60
[34, 36, 53, 59, 90]  64
[34, 36, 53, 63, 90]  62
[34, 53, 59, 63, 90]  60
[34, 36, 53, 85, 86]  85
[34, 53, 59, 85, 86]  75
[34, 53, 63, 85, 86]  73
[36, 53, 59, 85, 86]  64
[36, 53, 63, 85, 86]  62
[53, 59, 63, 85, 86]  60
[34, 36, 53, 59, 85]  64
[34, 36, 53, 63, 85]  62
[34, 53, 59, 63, 85]  60
[34, 36, 53, 59, 86]  64
[34, 36, 53, 63, 86]  62
[34, 53, 59, 63, 86]  60
[36, 39, 85, 90, 93]  64
[34, 39, 85, 86, 90]  101
[36, 39, 85, 86, 90]  83
[34, 36, 39, 86, 90]  83
[34, 36, 39, 85, 90]  83
[1, 34, 36, 86, 90]  84
[1, 34, 36, 85, 90]  84
[1, 24, 34, 36, 90]  70
[1, 34, 36, 85, 86]  85
[1, 24, 34, 36, 86]  71
[1, 24, 34, 36, 85]  71
[1, 34, 85, 86, 90]  86
[1, 24, 34, 86, 90]  72
[1, 24, 34, 85, 90]  72
[1, 24, 34, 85, 86]  73
[34, 39, 85, 86, 93]  62
[1, 36, 85, 86, 90]  84
[1, 24, 36, 86, 90]  70
[1, 24, 36, 85, 90]  70
[1, 24, 36, 85, 86]  71
[34, 36, 39, 85, 86]  88
[28, 34, 39, 85, 86]  65
[34, 56, 85, 86, 90]  80
[36, 56, 85, 86, 90]  77
[34, 36, 56, 85, 90]  77
[34, 36, 56, 86, 90]  77
[34, 36, 56, 85, 86]  78
[34, 85, 86, 90, 116]  64
[34, 85, 86, 90, 110]  84
[1, 24, 85, 86, 90]  72
[23, 85, 86, 90, 93]  62
[23, 34, 86, 90, 93]  62
[23, 36, 86, 90, 93]  62
[23, 59, 86, 90, 93]  61
[34, 85, 86, 90, 93]  72
[36, 85, 86, 90, 93]  70
[63, 85, 86, 90, 93]  69
[59, 85, 86, 90, 93]  71
[34, 36, 86, 90, 93]  70
[34, 63, 86, 90, 93]  69
[34, 59, 86, 90, 93]  71
[36, 63, 86, 90, 93]  67
[36, 59, 86, 90, 93]  69
[59, 63, 86, 90, 93]  69
[23, 34, 85, 86, 90]  62
[23, 36, 85, 86, 90]  62
[23, 59, 85, 86, 90]  61
[23, 34, 36, 86, 90]  62
[23, 34, 59, 86, 90]  61
[23, 36, 59, 86, 90]  61
[6, 34, 85, 86, 90]  61
[24, 34, 85, 86, 90]  96
[24, 36, 85, 86, 90]  75
[34, 36, 85, 86, 90]  137
[34, 67, 85, 86, 90]  84
[28, 34, 85, 86, 90]  62
[10, 34, 85, 86, 90]  60
[34, 63, 85, 86, 90]  97
[34, 76, 85, 86, 90]  83
[34, 59, 85, 86, 90]  103
[36, 67, 85, 86, 90]  63
[10, 36, 85, 86, 90]  60
[36, 63, 85, 86, 90]  84
[36, 76, 85, 86, 90]  63
[36, 59, 85, 86, 90]  89
[63, 67, 85, 86, 90]  66
[67, 76, 85, 86, 90]  66
[59, 67, 85, 86, 90]  66
[63, 76, 85, 86, 90]  63
[59, 63, 85, 86, 90]  84
[59, 76, 85, 86, 90]  67
[24, 34, 36, 86, 90]  75
[34, 36, 67, 86, 90]  63
[10, 34, 36, 86, 90]  60
[34, 36, 63, 86, 90]  84
[34, 36, 76, 86, 90]  63
[34, 36, 59, 86, 90]  89
[34, 63, 67, 86, 90]  66
[34, 67, 76, 86, 90]  66
[34, 59, 67, 86, 90]  66
[34, 63, 76, 86, 90]  63
[34, 59, 63, 86, 90]  84
[34, 59, 76, 86, 90]  67
[36, 59, 63, 86, 90]  78
[23, 34, 85, 86, 93]  62
[23, 36, 85, 86, 93]  62
[23, 59, 85, 86, 93]  61
[23, 34, 36, 86, 93]  62
[23, 34, 59, 86, 93]  61
[23, 36, 59, 86, 93]  61
[34, 36, 85, 86, 93]  71
[34, 63, 85, 86, 93]  70
[34, 59, 85, 86, 93]  76
[36, 63, 85, 86, 93]  67
[36, 59, 85, 86, 93]  69
[59, 63, 85, 86, 93]  70
[34, 36, 63, 86, 93]  67
[34, 36, 59, 86, 93]  69
[34, 59, 63, 86, 93]  70
[36, 59, 63, 86, 93]  67
[23, 34, 59, 85, 86]  64
[23, 59, 63, 85, 86]  62
[23, 36, 59, 85, 86]  64
[23, 34, 63, 85, 86]  62
[23, 34, 36, 85, 86]  65
[23, 36, 63, 85, 86]  62
[23, 34, 59, 63, 86]  62
[23, 34, 36, 59, 86]  64
[23, 36, 59, 63, 86]  62
[23, 34, 36, 63, 86]  62
[23, 59, 85, 90, 93]  61
[23, 34, 85, 90, 93]  62
[23, 36, 85, 90, 93]  62
[23, 34, 59, 90, 93]  61
[23, 36, 59, 90, 93]  61
[23, 34, 36, 90, 93]  62
[23, 34, 59, 85, 93]  61
[23, 36, 59, 85, 93]  61
[23, 34, 36, 85, 93]  62
[23, 34, 36, 59, 93]  61
[23, 34, 59, 85, 90]  61
[23, 36, 59, 85, 90]  61
[23, 34, 36, 85, 90]  62
[23, 34, 36, 59, 90]  61
[23, 34, 36, 59, 63]  62
[34, 36, 59, 63, 86]  81
[34, 36, 59, 63, 85]  81
[34, 36, 59, 63, 90]  78
[34, 36, 59, 63, 93]  67
[23, 34, 59, 63, 85]  62
[34, 59, 63, 85, 86]  88
[34, 59, 63, 85, 90]  84
[34, 59, 63, 85, 93]  70
[34, 59, 63, 90, 93]  69
[23, 34, 36, 59, 85]  64
[34, 36, 59, 85, 86]  92
[34, 36, 59, 85, 90]  89
[34, 36, 59, 85, 93]  69
[34, 36, 59, 90, 93]  69
[34, 59, 67, 85, 86]  73
[34, 59, 76, 85, 86]  73
[28, 34, 59, 85, 86]  63
[34, 59, 67, 76, 86]  61
[34, 59, 85, 90, 93]  71
[34, 59, 67, 85, 90]  66
[34, 59, 76, 85, 90]  67
[34, 59, 67, 76, 85]  61
[34, 36, 63, 85, 86]  87
[23, 34, 36, 63, 85]  62
[34, 36, 63, 85, 90]  84
[34, 36, 63, 85, 93]  67
[34, 36, 63, 90, 93]  67
[34, 63, 67, 85, 86]  69
[34, 63, 76, 85, 86]  65
[34, 63, 85, 90, 93]  69
[34, 63, 67, 85, 90]  66
[34, 63, 76, 85, 90]  63
[24, 34, 36, 85, 86]  77
[34, 36, 67, 85, 86]  65
[34, 36, 76, 85, 86]  64
[10, 34, 36, 85, 86]  64
[24, 34, 36, 85, 90]  75
[34, 36, 85, 90, 93]  70
[34, 36, 67, 85, 90]  63
[34, 36, 76, 85, 90]  63
[10, 34, 36, 85, 90]  60
[36, 63, 85, 90, 93]  75
[36, 59, 85, 90, 93]  77
[59, 63, 85, 90, 93]  77
[36, 59, 63, 85, 93]  75
[34, 67, 76, 85, 86]  72
[36, 59, 63, 85, 86]  81
[59, 67, 76, 85, 86]  61
[34, 67, 76, 85, 90]  66
[36, 59, 63, 85, 90]  86
[23, 36, 59, 63, 85]  62
[36, 59, 63, 90, 93]  75
[34, 36, 85, 86, 90, 116]  62
[3, 34, 36, 85, 86, 90]  69
[2, 36, 59, 85, 90, 93]  60
[34, 36, 53, 85, 86, 110]  69
[36, 53, 85, 86, 90, 110]  69
[34, 36, 53, 86, 90, 110]  69
[34, 36, 53, 85, 90, 110]  69
[34, 36, 85, 86, 90, 110]  82
[2, 34, 39, 85, 86, 90]  66
[2, 28, 34, 85, 86, 90]  62
[2, 34, 59, 85, 86, 90]  65
[2, 34, 63, 85, 86, 90]  61
[2, 28, 34, 39, 85, 86]  65
[2, 34, 39, 59, 85, 86]  67
[2, 34, 39, 63, 85, 86]  61
[2, 28, 34, 59, 85, 86]  63
[39, 59, 63, 85, 90, 93]  61
[36, 39, 59, 63, 90, 93]  61
[36, 39, 59, 63, 85, 90]  61
[36, 39, 59, 63, 85, 93]  61
[34, 39, 59, 63, 85, 86]  61
[36, 39, 63, 85, 90, 93]  61
[34, 39, 63, 85, 86, 90]  64
[34, 53, 85, 86, 90, 110]  69
[34, 39, 56, 85, 86, 90]  73
[36, 39, 56, 85, 86, 90]  73
[34, 36, 39, 56, 86, 90]  73
[34, 36, 39, 56, 85, 90]  73
[34, 36, 39, 56, 85, 86]  74
[36, 39, 59, 85, 90, 93]  63
[34, 39, 59, 85, 86, 90]  66
[34, 39, 59, 85, 86, 93]  60
[34, 39, 53, 85, 86, 90]  64
[34, 36, 53, 85, 86, 90]  85
[34, 53, 59, 85, 86, 90]  75
[34, 53, 63, 85, 86, 90]  73
[36, 53, 59, 85, 86, 90]  64
[36, 53, 63, 85, 86, 90]  62
[53, 59, 63, 85, 86, 90]  60
[34, 36, 53, 59, 85, 90]  64
[34, 36, 53, 63, 85, 90]  62
[34, 53, 59, 63, 85, 90]  60
[34, 36, 53, 59, 86, 90]  64
[34, 36, 53, 63, 86, 90]  62
[34, 53, 59, 63, 86, 90]  60
[34, 36, 53, 59, 85, 86]  64
[34, 36, 53, 63, 85, 86]  62
[34, 53, 59, 63, 85, 86]  60
[34, 36, 39, 85, 86, 90]  83
[1, 34, 36, 85, 86, 90]  84
[1, 24, 34, 36, 86, 90]  70
[1, 24, 34, 36, 85, 90]  70
[1, 24, 34, 36, 85, 86]  71
[1, 24, 34, 85, 86, 90]  72
[1, 24, 36, 85, 86, 90]  70
[34, 36, 56, 85, 86, 90]  77
[23, 34, 85, 86, 90, 93]  62
[23, 36, 85, 86, 90, 93]  62
[23, 59, 85, 86, 90, 93]  61
[23, 34, 36, 86, 90, 93]  62
[23, 34, 59, 86, 90, 93]  61
[23, 36, 59, 86, 90, 93]  61
[34, 36, 85, 86, 90, 93]  70
[34, 63, 85, 86, 90, 93]  69
[34, 59, 85, 86, 90, 93]  71
[36, 63, 85, 86, 90, 93]  67
[36, 59, 85, 86, 90, 93]  69
[59, 63, 85, 86, 90, 93]  69
[34, 36, 63, 86, 90, 93]  67
[34, 36, 59, 86, 90, 93]  69
[34, 59, 63, 86, 90, 93]  69
[36, 59, 63, 86, 90, 93]  67
[23, 34, 36, 85, 86, 90]  62
[23, 34, 59, 85, 86, 90]  61
[23, 36, 59, 85, 86, 90]  61
[23, 34, 36, 59, 86, 90]  61
[24, 34, 36, 85, 86, 90]  75
[34, 36, 67, 85, 86, 90]  63
[10, 34, 36, 85, 86, 90]  60
[34, 36, 63, 85, 86, 90]  84
[34, 36, 76, 85, 86, 90]  63
[34, 36, 59, 85, 86, 90]  89
[34, 63, 67, 85, 86, 90]  66
[34, 67, 76, 85, 86, 90]  66
[34, 59, 67, 85, 86, 90]  66
[34, 63, 76, 85, 86, 90]  63
[34, 59, 63, 85, 86, 90]  84
[34, 59, 76, 85, 86, 90]  67
[36, 59, 63, 85, 86, 90]  78
[34, 36, 59, 63, 86, 90]  78
[23, 34, 36, 85, 86, 93]  62
[23, 34, 59, 85, 86, 93]  61
[23, 36, 59, 85, 86, 93]  61
[23, 34, 36, 59, 86, 93]  61
[34, 36, 63, 85, 86, 93]  67
[34, 36, 59, 85, 86, 93]  69
[34, 59, 63, 85, 86, 93]  70
[36, 59, 63, 85, 86, 93]  67
[34, 36, 59, 63, 86, 93]  67
[23, 34, 59, 63, 85, 86]  62
[23, 34, 36, 59, 85, 86]  64
[23, 36, 59, 63, 85, 86]  62
[23, 34, 36, 63, 85, 86]  62
[23, 34, 36, 59, 63, 86]  62
[23, 34, 59, 85, 90, 93]  61
[23, 36, 59, 85, 90, 93]  61
[23, 34, 36, 85, 90, 93]  62
[23, 34, 36, 59, 90, 93]  61
[23, 34, 36, 59, 85, 93]  61
[23, 34, 36, 59, 85, 90]  61
[23, 34, 36, 59, 63, 85]  62
[34, 36, 59, 63, 85, 86]  81
[34, 36, 59, 63, 85, 90]  78
[34, 36, 59, 63, 85, 93]  67
[34, 36, 59, 63, 90, 93]  67
[34, 59, 63, 85, 90, 93]  69
[34, 36, 59, 85, 90, 93]  69
[34, 59, 67, 76, 85, 86]  61
[34, 36, 63, 85, 90, 93]  67
[36, 59, 63, 85, 90, 93]  75
[34, 36, 53, 85, 86, 90, 110]  69
[36, 39, 59, 63, 85, 90, 93]  61
[34, 36, 39, 56, 85, 86, 90]  73
[34, 36, 53, 59, 85, 86, 90]  64
[34, 36, 53, 63, 85, 86, 90]  62
[34, 53, 59, 63, 85, 86, 90]  60
[1, 24, 34, 36, 85, 86, 90]  70
[23, 34, 36, 85, 86, 90, 93]  62
[23, 34, 59, 85, 86, 90, 93]  61
[23, 36, 59, 85, 86, 90, 93]  61
[23, 34, 36, 59, 86, 90, 93]  61
[34, 36, 63, 85, 86, 90, 93]  67
[34, 36, 59, 85, 86, 90, 93]  69
[34, 59, 63, 85, 86, 90, 93]  69
[36, 59, 63, 85, 86, 90, 93]  67
[34, 36, 59, 63, 86, 90, 93]  67
[23, 34, 36, 59, 85, 86, 90]  61
[34, 36, 59, 63, 85, 86, 90]  78
[23, 34, 36, 59, 85, 86, 93]  61
[34, 36, 59, 63, 85, 86, 93]  67
[23, 34, 36, 59, 63, 85, 86]  62
[23, 34, 36, 59, 85, 90, 93]  61
[34, 36, 59, 63, 85, 90, 93]  67
[23, 34, 36, 59, 85, 86, 90, 93]  61
[34, 36, 59, 63, 85, 86, 90, 93]  67
