36  85
34  97
39  72
23  45
24  54
28  42
29  33
3  53
2  49
1  50
6  34
9  36
93  50
90  93
10  37
116  43
110  35
111  33
86  97
85  99
67  57
66  32
76  54
59  60
56  56
63  55
61  30
52  42
53  57
[2, 76]  31
[36, 116]  41
[3, 39]  38
[3, 34]  53
[2, 67]  31
[3, 36]  47
[3, 63]  33
[2, 93]  36
[36, 110]  33
[2, 90]  43
[3, 59]  34
[36, 111]  33
[2, 86]  47
[2, 85]  49
[3, 56]  34
[3, 53]  32
[39, 63]  43
[39, 67]  35
[39, 56]  51
[39, 59]  44
[3, 67]  33
[39, 53]  39
[3, 93]  31
[39, 52]  33
[3, 90]  52
[3, 86]  53
[3, 85]  53
[39, 90]  66
[1, 34]  50
[39, 93]  42
[39, 86]  70
[1, 36]  49
[2, 28]  42
[39, 85]  72
[39, 76]  36
[2, 23]  34
[1, 66]  32
[2, 36]  36
[2, 34]  47
[2, 39]  46
[39, 116]  32
[2, 59]  44
[1, 90]  50
[2, 63]  40
[39, 111]  32
[1, 86]  50
[1, 85]  50
[2, 53]  33
[34, 52]  40
[34, 53]  57
[34, 56]  56
[34, 59]  58
[34, 61]  30
[34, 63]  53
[6, 90]  31
[34, 36]  83
[6, 85]  34
[6, 86]  33
[34, 39]  70
[34, 86]  97
[34, 85]  97
[34, 90]  91
[34, 93]  48
[34, 67]  57
[34, 66]  32
[34, 76]  54
[9, 34]  34
[36, 56]  53
[66, 90]  32
[36, 52]  38
[34, 116]  43
[36, 53]  47
[36, 63]  47
[36, 66]  32
[66, 86]  32
[36, 59]  51
[66, 85]  32
[36, 39]  61
[34, 110]  35
[34, 111]  33
[6, 34]  33
[36, 90]  81
[67, 93]  34
[6, 39]  30
[67, 90]  53
[36, 86]  83
[36, 85]  85
[67, 85]  57
[36, 93]  46
[67, 86]  57
[67, 76]  44
[36, 67]  43
[36, 76]  41
[10, 90]  37
[10, 85]  37
[10, 86]  37
[10, 36]  36
[9, 67]  30
[10, 34]  37
[9, 90]  31
[9, 85]  36
[9, 86]  34
[76, 90]  48
[76, 85]  54
[76, 86]  54
[76, 93]  33
[53, 116]  30
[53, 93]  31
[53, 90]  57
[53, 85]  57
[53, 86]  57
[56, 111]  31
[56, 116]  36
[56, 90]  54
[56, 93]  36
[56, 85]  56
[56, 86]  56
[86, 116]  43
[86, 110]  35
[86, 111]  33
[86, 90]  91
[56, 63]  33
[85, 116]  43
[86, 93]  48
[56, 59]  31
[85, 111]  33
[85, 110]  35
[23, 86]  45
[23, 93]  43
[24, 61]  30
[23, 90]  41
[24, 66]  32
[85, 93]  50
[85, 86]  97
[85, 90]  93
[24, 85]  54
[24, 86]  52
[23, 56]  33
[23, 59]  40
[23, 63]  40
[24, 34]  52
[24, 36]  41
[24, 39]  32
[23, 76]  30
[23, 85]  45
[23, 36]  44
[23, 34]  45
[53, 76]  34
[52, 85]  42
[52, 86]  40
[53, 59]  39
[52, 90]  36
[53, 56]  31
[23, 39]  40
[53, 63]  36
[23, 53]  31
[53, 67]  38
[28, 86]  40
[28, 85]  42
[63, 76]  37
[28, 90]  36
[63, 67]  36
[63, 90]  49
[29, 36]  33
[63, 93]  45
[63, 86]  53
[28, 59]  37
[63, 85]  55
[28, 63]  35
[29, 34]  33
[28, 53]  32
[28, 36]  30
[28, 39]  40
[28, 34]  40
[24, 90]  52
[59, 63]  47
[59, 67]  40
[59, 76]  40
[59, 86]  58
[59, 85]  60
[1, 24]  39
[1, 29]  33
[61, 85]  30
[61, 86]  30
[59, 93]  44
[59, 90]  55
[29, 90]  33
[90, 93]  46
[29, 86]  33
[29, 85]  33
[90, 116]  43
[59, 116]  30
[90, 111]  31
[90, 110]  35
[2, 76, 86]  31
[2, 76, 85]  31
[2, 34, 76]  31
[36, 39, 116]  32
[34, 36, 116]  41
[36, 56, 116]  34
[36, 90, 116]  41
[36, 86, 116]  41
[36, 85, 116]  41
[3, 34, 39]  38
[3, 36, 39]  34
[3, 39, 56]  30
[3, 39, 90]  37
[3, 39, 86]  38
[3, 39, 85]  38
[3, 34, 36]  47
[3, 34, 63]  33
[3, 34, 59]  34
[3, 34, 56]  34
[3, 34, 53]  32
[3, 34, 67]  33
[3, 34, 93]  31
[3, 34, 90]  52
[3, 34, 86]  53
[3, 34, 85]  53
[2, 67, 86]  31
[2, 67, 85]  31
[2, 34, 67]  31
[3, 36, 63]  30
[3, 36, 59]  31
[3, 36, 56]  32
[3, 36, 93]  30
[3, 36, 90]  46
[3, 36, 86]  47
[3, 36, 85]  47
[3, 63, 90]  32
[3, 63, 86]  33
[3, 63, 85]  33
[2, 90, 93]  32
[2, 86, 93]  34
[2, 85, 93]  36
[2, 39, 93]  35
[2, 23, 93]  32
[2, 36, 93]  33
[2, 34, 93]  34
[2, 59, 93]  35
[2, 63, 93]  34
[34, 36, 110]  33
[36, 90, 110]  33
[36, 86, 110]  33
[36, 85, 110]  33
[2, 86, 90]  41
[2, 85, 90]  43
[2, 39, 90]  40
[2, 28, 90]  36
[2, 23, 90]  30
[2, 36, 90]  32
[2, 34, 90]  41
[2, 59, 90]  39
[2, 63, 90]  34
[2, 53, 90]  33
[3, 59, 90]  33
[3, 59, 86]  34
[3, 59, 85]  34
[36, 39, 111]  32
[34, 36, 111]  33
[36, 56, 111]  31
[36, 90, 111]  31
[36, 86, 111]  33
[36, 85, 111]  33
[2, 85, 86]  47
[2, 39, 86]  44
[2, 28, 86]  40
[2, 23, 86]  34
[2, 36, 86]  34
[2, 34, 86]  47
[2, 59, 86]  42
[2, 63, 86]  38
[2, 53, 86]  33
[2, 28, 85]  42
[2, 39, 85]  46
[2, 23, 85]  34
[2, 36, 85]  36
[2, 34, 85]  47
[2, 59, 85]  44
[2, 63, 85]  40
[2, 53, 85]  33
[3, 56, 90]  33
[3, 56, 86]  34
[3, 56, 85]  34
[3, 53, 90]  32
[3, 53, 86]  32
[3, 53, 85]  32
[39, 59, 63]  38
[39, 53, 63]  31
[39, 63, 90]  37
[39, 63, 93]  37
[39, 63, 86]  41
[39, 63, 85]  43
[2, 39, 63]  39
[34, 39, 63]  41
[36, 39, 63]  37
[23, 39, 63]  35
[28, 39, 63]  35
[39, 67, 90]  31
[39, 67, 86]  35
[39, 67, 85]  35
[34, 39, 67]  35
[39, 53, 56]  30
[39, 56, 90]  49
[39, 56, 93]  32
[39, 56, 86]  51
[39, 56, 85]  51
[39, 56, 116]  32
[39, 56, 111]  31
[34, 39, 56]  51
[36, 39, 56]  51
[23, 39, 56]  32
[39, 53, 59]  31
[39, 59, 90]  39
[39, 59, 93]  36
[39, 59, 86]  42
[39, 59, 85]  44
[2, 39, 59]  42
[34, 39, 59]  42
[36, 39, 59]  37
[23, 39, 59]  35
[28, 39, 59]  36
[3, 67, 90]  32
[3, 67, 86]  33
[3, 67, 85]  33
[39, 53, 90]  39
[39, 53, 93]  30
[39, 53, 86]  39
[39, 53, 85]  39
[2, 39, 53]  32
[34, 39, 53]  39
[36, 39, 53]  30
[23, 39, 53]  30
[28, 39, 53]  32
[3, 90, 93]  30
[3, 86, 93]  31
[3, 85, 93]  31
[39, 52, 86]  31
[39, 52, 85]  33
[34, 39, 52]  31
[36, 39, 52]  31
[3, 86, 90]  52
[3, 85, 90]  52
[3, 85, 86]  53
[39, 90, 93]  38
[39, 86, 90]  64
[39, 85, 90]  66
[39, 76, 90]  30
[39, 90, 116]  32
[39, 90, 111]  30
[34, 39, 90]  64
[36, 39, 90]  57
[23, 39, 90]  36
[24, 39, 90]  30
[28, 39, 90]  34
[1, 34, 36]  49
[1, 34, 66]  32
[1, 34, 90]  50
[1, 34, 86]  50
[1, 34, 85]  50
[1, 24, 34]  39
[1, 29, 34]  33
[39, 86, 93]  40
[39, 85, 93]  42
[34, 39, 93]  40
[36, 39, 93]  40
[23, 39, 93]  38
[39, 85, 86]  70
[39, 76, 86]  36
[39, 86, 116]  32
[39, 86, 111]  32
[34, 39, 86]  70
[36, 39, 86]  59
[23, 39, 86]  40
[24, 39, 86]  30
[28, 39, 86]  38
[1, 36, 66]  32
[1, 36, 90]  49
[1, 36, 86]  49
[1, 36, 85]  49
[1, 24, 36]  38
[1, 29, 36]  33
[2, 28, 36]  30
[2, 28, 34]  40
[2, 28, 39]  40
[2, 28, 59]  37
[2, 28, 63]  35
[2, 28, 53]  32
[39, 76, 85]  36
[39, 85, 116]  32
[39, 85, 111]  32
[6, 39, 85]  30
[34, 39, 85]  70
[36, 39, 85]  61
[24, 39, 85]  32
[23, 39, 85]  40
[28, 39, 85]  40
[34, 39, 76]  36
[2, 23, 36]  33
[2, 23, 34]  34
[2, 23, 39]  33
[2, 23, 59]  34
[2, 23, 63]  32
[1, 66, 90]  32
[1, 66, 86]  32
[1, 66, 85]  32
[1, 24, 66]  32
[2, 34, 36]  34
[2, 36, 39]  35
[2, 36, 59]  36
[2, 36, 63]  33
[2, 34, 39]  44
[2, 34, 59]  42
[2, 34, 63]  38
[2, 34, 53]  33
[34, 39, 116]  32
[2, 59, 63]  37
[2, 53, 59]  30
[1, 86, 90]  50
[1, 85, 90]  50
[1, 24, 90]  39
[1, 29, 90]  33
[34, 39, 111]  32
[1, 85, 86]  50
[1, 24, 86]  39
[1, 29, 86]  33
[1, 24, 85]  39
[1, 29, 85]  33
[34, 36, 52]  36
[34, 52, 86]  40
[34, 52, 85]  40
[34, 52, 90]  34
[34, 53, 56]  31
[34, 53, 59]  39
[34, 53, 63]  36
[34, 36, 53]  47
[34, 53, 86]  57
[34, 53, 85]  57
[34, 53, 90]  57
[34, 53, 93]  31
[34, 53, 67]  38
[34, 53, 76]  34
[34, 53, 116]  30
[23, 34, 53]  31
[28, 34, 53]  32
[34, 56, 59]  31
[34, 56, 63]  33
[34, 36, 56]  53
[34, 56, 86]  56
[34, 56, 85]  56
[34, 56, 90]  54
[34, 56, 93]  36
[34, 56, 116]  36
[34, 56, 111]  31
[23, 34, 56]  33
[34, 59, 63]  45
[34, 36, 59]  49
[34, 59, 86]  58
[34, 59, 85]  58
[34, 59, 90]  53
[34, 59, 93]  42
[34, 59, 67]  40
[34, 59, 76]  40
[34, 59, 116]  30
[23, 34, 59]  40
[28, 34, 59]  35
[34, 61, 86]  30
[34, 61, 85]  30
[24, 34, 61]  30
[34, 36, 63]  45
[34, 63, 86]  53
[34, 63, 85]  53
[34, 63, 90]  47
[34, 63, 93]  43
[34, 63, 67]  36
[34, 63, 76]  37
[23, 34, 63]  40
[28, 34, 63]  33
[6, 85, 90]  31
[6, 86, 90]  30
[6, 34, 90]  30
[34, 36, 39]  59
[34, 36, 86]  83
[34, 36, 85]  83
[34, 36, 90]  79
[34, 36, 93]  44
[34, 36, 67]  43
[34, 36, 66]  32
[34, 36, 76]  41
[10, 34, 36]  36
[24, 34, 36]  39
[23, 34, 36]  44
[29, 34, 36]  33
[6, 85, 86]  33
[6, 34, 85]  33
[6, 34, 86]  33
[24, 34, 39]  30
[23, 34, 39]  40
[28, 34, 39]  38
[34, 85, 86]  97
[34, 86, 90]  91
[34, 86, 93]  48
[34, 67, 86]  57
[34, 66, 86]  32
[34, 76, 86]  54
[9, 34, 86]  34
[34, 86, 116]  43
[34, 86, 110]  35
[34, 86, 111]  33
[10, 34, 86]  37
[23, 34, 86]  45
[24, 34, 86]  52
[28, 34, 86]  40
[29, 34, 86]  33
[34, 85, 90]  91
[34, 85, 93]  48
[34, 67, 85]  57
[34, 66, 85]  32
[34, 76, 85]  54
[9, 34, 85]  34
[34, 85, 116]  43
[34, 85, 110]  35
[34, 85, 111]  33
[10, 34, 85]  37
[24, 34, 85]  52
[23, 34, 85]  45
[28, 34, 85]  40
[29, 34, 85]  33
[34, 90, 93]  44
[34, 67, 90]  53
[34, 66, 90]  32
[34, 76, 90]  48
[34, 90, 116]  43
[34, 90, 110]  35
[34, 90, 111]  31
[10, 34, 90]  37
[23, 34, 90]  41
[24, 34, 90]  50
[28, 34, 90]  34
[29, 34, 90]  33
[34, 67, 93]  34
[34, 76, 93]  33
[23, 34, 93]  43
[34, 67, 76]  44
[9, 34, 67]  30
[24, 34, 66]  32
[23, 34, 76]  30
[36, 53, 56]  30
[36, 56, 63]  31
[36, 56, 90]  51
[36, 56, 86]  53
[36, 56, 85]  53
[36, 56, 93]  34
[23, 36, 56]  32
[36, 66, 90]  32
[66, 86, 90]  32
[66, 85, 90]  32
[24, 66, 90]  32
[36, 52, 90]  34
[36, 52, 86]  36
[36, 52, 85]  38
[36, 53, 63]  31
[36, 53, 59]  32
[36, 53, 90]  47
[36, 53, 86]  47
[36, 53, 85]  47
[36, 53, 93]  30
[23, 36, 53]  30
[36, 59, 63]  42
[36, 63, 90]  43
[36, 63, 86]  45
[36, 63, 85]  47
[36, 63, 93]  41
[23, 36, 63]  39
[36, 66, 86]  32
[36, 66, 85]  32
[24, 36, 66]  32
[66, 85, 86]  32
[24, 66, 86]  32
[36, 59, 90]  47
[36, 59, 86]  49
[36, 59, 85]  51
[36, 59, 93]  41
[36, 59, 67]  31
[36, 59, 76]  31
[23, 36, 59]  39
[28, 36, 59]  30
[24, 66, 85]  32
[23, 36, 39]  40
[36, 67, 90]  41
[36, 86, 90]  79
[36, 85, 90]  81
[36, 90, 93]  44
[36, 76, 90]  37
[10, 36, 90]  36
[23, 36, 90]  40
[24, 36, 90]  41
[29, 36, 90]  33
[67, 90, 93]  30
[67, 85, 93]  34
[36, 67, 93]  30
[67, 86, 93]  34
[67, 85, 90]  53
[67, 86, 90]  53
[67, 76, 90]  40
[53, 67, 90]  38
[63, 67, 90]  32
[59, 67, 90]  37
[36, 85, 86]  83
[36, 86, 93]  44
[36, 67, 86]  43
[36, 76, 86]  41
[10, 36, 86]  36
[23, 36, 86]  44
[24, 36, 86]  39
[29, 36, 86]  33
[36, 67, 85]  43
[36, 85, 93]  46
[36, 76, 85]  41
[10, 36, 85]  36
[24, 36, 85]  41
[23, 36, 85]  44
[28, 36, 85]  30
[29, 36, 85]  33
[67, 85, 86]  57
[67, 76, 85]  44
[9, 67, 85]  30
[53, 67, 85]  38
[63, 67, 85]  36
[59, 67, 85]  40
[23, 36, 93]  42
[67, 76, 86]  44
[9, 67, 86]  30
[53, 67, 86]  38
[63, 67, 86]  36
[59, 67, 86]  40
[36, 67, 76]  31
[59, 67, 76]  33
[10, 85, 90]  37
[10, 86, 90]  37
[10, 85, 86]  37
[9, 85, 90]  31
[9, 85, 86]  34
[76, 85, 90]  48
[76, 86, 90]  48
[53, 76, 90]  34
[63, 76, 90]  31
[59, 76, 90]  35
[76, 85, 86]  54
[76, 85, 93]  33
[53, 76, 85]  34
[23, 76, 85]  30
[63, 76, 85]  37
[59, 76, 85]  40
[76, 86, 93]  33
[53, 76, 86]  34
[23, 76, 86]  30
[63, 76, 86]  37
[59, 76, 86]  40
[53, 90, 116]  30
[53, 85, 116]  30
[53, 86, 116]  30
[53, 90, 93]  31
[53, 85, 93]  31
[53, 86, 93]  31
[53, 56, 93]  31
[23, 53, 93]  31
[53, 85, 90]  57
[53, 86, 90]  57
[53, 56, 90]  31
[23, 53, 90]  31
[53, 59, 90]  39
[53, 63, 90]  36
[28, 53, 90]  32
[53, 85, 86]  57
[53, 56, 85]  31
[23, 53, 85]  31
[53, 59, 85]  39
[53, 63, 85]  36
[28, 53, 85]  32
[53, 56, 86]  31
[23, 53, 86]  31
[53, 59, 86]  39
[53, 63, 86]  36
[28, 53, 86]  32
[56, 85, 111]  31
[56, 86, 111]  31
[56, 90, 116]  36
[56, 85, 116]  36
[56, 86, 116]  36
[56, 90, 93]  34
[56, 85, 90]  54
[56, 86, 90]  54
[56, 63, 90]  31
[23, 56, 90]  31
[56, 85, 93]  36
[56, 86, 93]  36
[56, 63, 93]  33
[56, 59, 93]  31
[23, 56, 93]  33
[56, 85, 86]  56
[56, 63, 85]  33
[56, 59, 85]  31
[23, 56, 85]  33
[56, 63, 86]  33
[56, 59, 86]  31
[23, 56, 86]  33
[86, 90, 116]  43
[85, 86, 116]  43
[59, 86, 116]  30
[86, 90, 110]  35
[85, 86, 110]  35
[86, 90, 111]  31
[85, 86, 111]  33
[86, 90, 93]  44
[23, 86, 90]  41
[85, 86, 90]  91
[24, 86, 90]  50
[52, 86, 90]  34
[28, 86, 90]  34
[63, 86, 90]  47
[59, 86, 90]  53
[29, 86, 90]  33
[56, 59, 63]  31
[23, 56, 63]  30
[85, 90, 116]  43
[59, 85, 116]  30
[23, 86, 93]  43
[85, 86, 93]  48
[63, 86, 93]  43
[59, 86, 93]  42
[85, 90, 111]  31
[85, 90, 110]  35
[23, 85, 86]  45
[23, 59, 86]  40
[23, 63, 86]  40
[23, 90, 93]  41
[23, 85, 93]  43
[23, 59, 93]  38
[23, 63, 93]  38
[24, 61, 85]  30
[24, 61, 86]  30
[23, 85, 90]  41
[23, 59, 90]  36
[23, 63, 90]  36
[85, 90, 93]  46
[63, 85, 93]  45
[59, 85, 93]  44
[24, 85, 86]  52
[52, 85, 86]  40
[28, 85, 86]  40
[63, 85, 86]  53
[59, 85, 86]  58
[61, 85, 86]  30
[29, 85, 86]  33
[24, 85, 90]  52
[52, 85, 90]  36
[28, 85, 90]  36
[63, 85, 90]  49
[59, 85, 90]  55
[29, 85, 90]  33
[23, 53, 56]  31
[23, 59, 63]  38
[23, 59, 85]  40
[23, 63, 85]  40
[28, 63, 86]  33
[28, 59, 86]  35
[28, 59, 85]  37
[28, 63, 85]  35
[59, 63, 76]  30
[28, 59, 90]  32
[63, 90, 93]  41
[59, 63, 90]  42
[59, 63, 93]  42
[59, 63, 86]  45
[28, 59, 63]  32
[59, 63, 85]  47
[59, 90, 93]  41
[59, 90, 116]  30
[2, 76, 85, 86]  31
[2, 34, 76, 86]  31
[2, 34, 76, 85]  31
[34, 36, 39, 116]  32
[36, 39, 56, 116]  32
[36, 39, 90, 116]  32
[36, 39, 86, 116]  32
[36, 39, 85, 116]  32
[34, 36, 56, 116]  34
[34, 36, 90, 116]  41
[34, 36, 86, 116]  41
[34, 36, 85, 116]  41
[36, 56, 90, 116]  34
[36, 56, 86, 116]  34
[36, 56, 85, 116]  34
[36, 86, 90, 116]  41
[36, 85, 90, 116]  41
[36, 85, 86, 116]  41
[3, 34, 36, 39]  34
[3, 34, 39, 56]  30
[3, 34, 39, 90]  37
[3, 34, 39, 86]  38
[3, 34, 39, 85]  38
[3, 36, 39, 56]  30
[3, 36, 39, 90]  33
[3, 36, 39, 86]  34
[3, 36, 39, 85]  34
[3, 39, 56, 86]  30
[3, 39, 56, 85]  30
[3, 39, 86, 90]  37
[3, 39, 85, 90]  37
[3, 39, 85, 86]  38
[3, 34, 36, 63]  30
[3, 34, 36, 59]  31
[3, 34, 36, 56]  32
[3, 34, 36, 93]  30
[3, 34, 36, 90]  46
[3, 34, 36, 86]  47
[3, 34, 36, 85]  47
[3, 34, 63, 90]  32
[3, 34, 63, 86]  33
[3, 34, 63, 85]  33
[3, 34, 59, 90]  33
[3, 34, 59, 86]  34
[3, 34, 59, 85]  34
[3, 34, 56, 90]  33
[3, 34, 56, 86]  34
[3, 34, 56, 85]  34
[3, 34, 53, 90]  32
[3, 34, 53, 86]  32
[3, 34, 53, 85]  32
[3, 34, 67, 90]  32
[3, 34, 67, 86]  33
[3, 34, 67, 85]  33
[3, 34, 90, 93]  30
[3, 34, 86, 93]  31
[3, 34, 85, 93]  31
[3, 34, 86, 90]  52
[3, 34, 85, 90]  52
[3, 34, 85, 86]  53
[2, 67, 85, 86]  31
[2, 34, 67, 86]  31
[2, 34, 67, 85]  31
[3, 36, 63, 86]  30
[3, 36, 63, 85]  30
[3, 36, 59, 90]  30
[3, 36, 59, 86]  31
[3, 36, 59, 85]  31
[3, 36, 56, 90]  31
[3, 36, 56, 86]  32
[3, 36, 56, 85]  32
[3, 36, 86, 93]  30
[3, 36, 85, 93]  30
[3, 36, 86, 90]  46
[3, 36, 85, 90]  46
[3, 36, 85, 86]  47
[3, 63, 86, 90]  32
[3, 63, 85, 90]  32
[3, 63, 85, 86]  33
[2, 86, 90, 93]  30
[2, 85, 90, 93]  32
[2, 39, 90, 93]  31
[2, 23, 90, 93]  30
[2, 36, 90, 93]  31
[2, 34, 90, 93]  30
[2, 59, 90, 93]  32
[2, 63, 90, 93]  30
[2, 85, 86, 93]  34
[2, 39, 86, 93]  33
[2, 23, 86, 93]  32
[2, 36, 86, 93]  31
[2, 34, 86, 93]  34
[2, 59, 86, 93]  33
[2, 63, 86, 93]  32
[2, 39, 85, 93]  35
[2, 23, 85, 93]  32
[2, 36, 85, 93]  33
[2, 34, 85, 93]  34
[2, 59, 85, 93]  35
[2, 63, 85, 93]  34
[2, 23, 39, 93]  31
[2, 36, 39, 93]  33
[2, 34, 39, 93]  33
[2, 39, 59, 93]  34
[2, 39, 63, 93]  33
[2, 23, 36, 93]  31
[2, 23, 34, 93]  32
[2, 23, 59, 93]  32
[2, 23, 63, 93]  30
[2, 34, 36, 93]  31
[2, 36, 59, 93]  33
[2, 36, 63, 93]  31
[2, 34, 59, 93]  33
[2, 34, 63, 93]  32
[2, 59, 63, 93]  33
[34, 36, 90, 110]  33
[34, 36, 86, 110]  33
[34, 36, 85, 110]  33
[36, 86, 90, 110]  33
[36, 85, 90, 110]  33
[36, 85, 86, 110]  33
[2, 85, 86, 90]  41
[2, 39, 86, 90]  38
[2, 28, 86, 90]  34
[2, 23, 86, 90]  30
[2, 36, 86, 90]  30
[2, 34, 86, 90]  41
[2, 59, 86, 90]  37
[2, 63, 86, 90]  32
[2, 53, 86, 90]  33
[2, 39, 85, 90]  40
[2, 28, 85, 90]  36
[2, 23, 85, 90]  30
[2, 36, 85, 90]  32
[2, 34, 85, 90]  41
[2, 59, 85, 90]  39
[2, 63, 85, 90]  34
[2, 53, 85, 90]  33
[2, 28, 39, 90]  34
[2, 36, 39, 90]  31
[2, 34, 39, 90]  38
[2, 39, 59, 90]  37
[2, 39, 63, 90]  33
[2, 39, 53, 90]  32
[2, 28, 34, 90]  34
[2, 28, 59, 90]  32
[2, 28, 53, 90]  32
[2, 23, 34, 90]  30
[2, 23, 59, 90]  30
[2, 34, 36, 90]  30
[2, 36, 59, 90]  32
[2, 34, 59, 90]  37
[2, 34, 63, 90]  32
[2, 34, 53, 90]  33
[2, 59, 63, 90]  32
[2, 53, 59, 90]  30
[3, 59, 86, 90]  33
[3, 59, 85, 90]  33
[3, 59, 85, 86]  34
[34, 36, 39, 111]  32
[36, 39, 56, 111]  31
[36, 39, 90, 111]  30
[36, 39, 86, 111]  32
[36, 39, 85, 111]  32
[34, 36, 56, 111]  31
[34, 36, 90, 111]  31
[34, 36, 86, 111]  33
[34, 36, 85, 111]  33
[36, 56, 86, 111]  31
[36, 56, 85, 111]  31
[36, 86, 90, 111]  31
[36, 85, 90, 111]  31
[36, 85, 86, 111]  33
[2, 39, 85, 86]  44
[2, 28, 85, 86]  40
[2, 23, 85, 86]  34
[2, 36, 85, 86]  34
[2, 34, 85, 86]  47
[2, 59, 85, 86]  42
[2, 63, 85, 86]  38
[2, 53, 85, 86]  33
[2, 28, 39, 86]  38
[2, 23, 39, 86]  33
[2, 36, 39, 86]  33
[2, 34, 39, 86]  44
[2, 39, 59, 86]  40
[2, 39, 63, 86]  37
[2, 39, 53, 86]  32
[2, 28, 34, 86]  40
[2, 28, 59, 86]  35
[2, 28, 63, 86]  33
[2, 28, 53, 86]  32
[2, 23, 36, 86]  33
[2, 23, 34, 86]  34
[2, 23, 59, 86]  34
[2, 23, 63, 86]  32
[2, 34, 36, 86]  34
[2, 36, 59, 86]  34
[2, 36, 63, 86]  31
[2, 34, 59, 86]  42
[2, 34, 63, 86]  38
[2, 34, 53, 86]  33
[2, 59, 63, 86]  35
[2, 53, 59, 86]  30
[2, 28, 39, 85]  40
[2, 28, 36, 85]  30
[2, 28, 34, 85]  40
[2, 28, 59, 85]  37
[2, 28, 63, 85]  35
[2, 28, 53, 85]  32
[2, 23, 39, 85]  33
[2, 36, 39, 85]  35
[2, 34, 39, 85]  44
[2, 39, 59, 85]  42
[2, 39, 63, 85]  39
[2, 39, 53, 85]  32
[2, 23, 36, 85]  33
[2, 23, 34, 85]  34
[2, 23, 59, 85]  34
[2, 23, 63, 85]  32
[2, 34, 36, 85]  34
[2, 36, 59, 85]  36
[2, 36, 63, 85]  33
[2, 34, 59, 85]  42
[2, 34, 63, 85]  38
[2, 34, 53, 85]  33
[2, 59, 63, 85]  37
[2, 53, 59, 85]  30
[3, 56, 86, 90]  33
[3, 56, 85, 90]  33
[3, 56, 85, 86]  34
[3, 53, 86, 90]  32
[3, 53, 85, 90]  32
[3, 53, 85, 86]  32
[39, 59, 63, 90]  33
[39, 59, 63, 93]  34
[39, 59, 63, 86]  36
[39, 59, 63, 85]  38
[2, 39, 59, 63]  36
[34, 39, 59, 63]  36
[36, 39, 59, 63]  35
[23, 39, 59, 63]  33
[28, 39, 59, 63]  32
[39, 53, 63, 90]  31
[39, 53, 63, 86]  31
[39, 53, 63, 85]  31
[34, 39, 53, 63]  31
[39, 63, 90, 93]  33
[39, 63, 86, 90]  35
[39, 63, 85, 90]  37
[34, 39, 63, 90]  35
[36, 39, 63, 90]  33
[23, 39, 63, 90]  31
[39, 63, 86, 93]  35
[39, 63, 85, 93]  37
[34, 39, 63, 93]  35
[36, 39, 63, 93]  35
[23, 39, 63, 93]  33
[39, 63, 85, 86]  41
[34, 39, 63, 86]  41
[36, 39, 63, 86]  35
[23, 39, 63, 86]  35
[28, 39, 63, 86]  33
[34, 39, 63, 85]  41
[36, 39, 63, 85]  37
[23, 39, 63, 85]  35
[28, 39, 63, 85]  35
[2, 34, 39, 63]  37
[2, 36, 39, 63]  33
[2, 23, 39, 63]  31
[2, 28, 39, 63]  35
[34, 36, 39, 63]  35
[23, 34, 39, 63]  35
[28, 34, 39, 63]  33
[23, 36, 39, 63]  35
[39, 67, 86, 90]  31
[39, 67, 85, 90]  31
[34, 39, 67, 90]  31
[39, 67, 85, 86]  35
[34, 39, 67, 86]  35
[34, 39, 67, 85]  35
[39, 53, 56, 90]  30
[39, 53, 56, 93]  30
[39, 53, 56, 86]  30
[39, 53, 56, 85]  30
[34, 39, 53, 56]  30
[36, 39, 53, 56]  30
[23, 39, 53, 56]  30
[39, 56, 90, 93]  30
[39, 56, 86, 90]  49
[39, 56, 85, 90]  49
[39, 56, 90, 116]  32
[34, 39, 56, 90]  49
[36, 39, 56, 90]  49
[23, 39, 56, 90]  30
[39, 56, 86, 93]  32
[39, 56, 85, 93]  32
[34, 39, 56, 93]  32
[36, 39, 56, 93]  32
[23, 39, 56, 93]  32
[39, 56, 85, 86]  51
[39, 56, 86, 116]  32
[39, 56, 86, 111]  31
[34, 39, 56, 86]  51
[36, 39, 56, 86]  51
[23, 39, 56, 86]  32
[39, 56, 85, 116]  32
[39, 56, 85, 111]  31
[34, 39, 56, 85]  51
[36, 39, 56, 85]  51
[23, 39, 56, 85]  32
[34, 39, 56, 116]  32
[34, 39, 56, 111]  31
[34, 36, 39, 56]  51
[23, 34, 39, 56]  32
[23, 36, 39, 56]  32
[39, 53, 59, 90]  31
[39, 53, 59, 86]  31
[39, 53, 59, 85]  31
[34, 39, 53, 59]  31
[39, 59, 90, 93]  33
[39, 59, 86, 90]  37
[39, 59, 85, 90]  39
[34, 39, 59, 90]  37
[36, 39, 59, 90]  33
[23, 39, 59, 90]  31
[28, 39, 59, 90]  31
[39, 59, 86, 93]  34
[39, 59, 85, 93]  36
[34, 39, 59, 93]  34
[36, 39, 59, 93]  35
[23, 39, 59, 93]  33
[39, 59, 85, 86]  42
[34, 39, 59, 86]  42
[36, 39, 59, 86]  35
[23, 39, 59, 86]  35
[28, 39, 59, 86]  34
[34, 39, 59, 85]  42
[36, 39, 59, 85]  37
[23, 39, 59, 85]  35
[28, 39, 59, 85]  36
[2, 34, 39, 59]  40
[2, 36, 39, 59]  35
[2, 23, 39, 59]  33
[2, 28, 39, 59]  36
[34, 36, 39, 59]  35
[23, 34, 39, 59]  35
[28, 34, 39, 59]  34
[23, 36, 39, 59]  35
[3, 67, 86, 90]  32
[3, 67, 85, 90]  32
[3, 67, 85, 86]  33
[39, 53, 90, 93]  30
[39, 53, 86, 90]  39
[39, 53, 85, 90]  39
[34, 39, 53, 90]  39
[36, 39, 53, 90]  30
[23, 39, 53, 90]  30
[28, 39, 53, 90]  32
[39, 53, 86, 93]  30
[39, 53, 85, 93]  30
[34, 39, 53, 93]  30
[36, 39, 53, 93]  30
[23, 39, 53, 93]  30
[39, 53, 85, 86]  39
[34, 39, 53, 86]  39
[36, 39, 53, 86]  30
[23, 39, 53, 86]  30
[28, 39, 53, 86]  32
[34, 39, 53, 85]  39
[36, 39, 53, 85]  30
[23, 39, 53, 85]  30
[28, 39, 53, 85]  32
[2, 34, 39, 53]  32
[2, 28, 39, 53]  32
[34, 36, 39, 53]  30
[23, 34, 39, 53]  30
[28, 34, 39, 53]  32
[23, 36, 39, 53]  30
[3, 86, 90, 93]  30
[3, 85, 90, 93]  30
[3, 85, 86, 93]  31
[39, 52, 85, 86]  31
[34, 39, 52, 86]  31
[34, 39, 52, 85]  31
[36, 39, 52, 85]  31
[3, 85, 86, 90]  52
[39, 86, 90, 93]  36
[39, 85, 90, 93]  38
[34, 39, 90, 93]  36
[36, 39, 90, 93]  38
[23, 39, 90, 93]  36
[39, 85, 86, 90]  64
[39, 76, 86, 90]  30
[39, 86, 90, 116]  32
[39, 86, 90, 111]  30
[34, 39, 86, 90]  64
[36, 39, 86, 90]  55
[23, 39, 86, 90]  36
[28, 39, 86, 90]  32
[39, 76, 85, 90]  30
[39, 85, 90, 116]  32
[39, 85, 90, 111]  30
[34, 39, 85, 90]  64
[36, 39, 85, 90]  57
[23, 39, 85, 90]  36
[24, 39, 85, 90]  30
[28, 39, 85, 90]  34
[34, 39, 76, 90]  30
[34, 39, 90, 116]  32
[34, 39, 90, 111]  30
[34, 36, 39, 90]  55
[23, 34, 39, 90]  36
[28, 34, 39, 90]  32
[23, 36, 39, 90]  36
[1, 34, 36, 66]  32
[1, 34, 36, 90]  49
[1, 34, 36, 86]  49
[1, 34, 36, 85]  49
[1, 24, 34, 36]  38
[1, 29, 34, 36]  33
[1, 34, 66, 90]  32
[1, 34, 66, 86]  32
[1, 34, 66, 85]  32
[1, 24, 34, 66]  32
[1, 34, 86, 90]  50
[1, 34, 85, 90]  50
[1, 24, 34, 90]  39
[1, 29, 34, 90]  33
[1, 34, 85, 86]  50
[1, 24, 34, 86]  39
[1, 29, 34, 86]  33
[1, 24, 34, 85]  39
[1, 29, 34, 85]  33
[39, 85, 86, 93]  40
[34, 39, 86, 93]  40
[36, 39, 86, 93]  38
[23, 39, 86, 93]  38
[34, 39, 85, 93]  40
[36, 39, 85, 93]  40
[23, 39, 85, 93]  38
[34, 36, 39, 93]  38
[23, 34, 39, 93]  38
[23, 36, 39, 93]  38
[39, 76, 85, 86]  36
[39, 85, 86, 116]  32
[39, 85, 86, 111]  32
[34, 39, 85, 86]  70
[36, 39, 85, 86]  59
[23, 39, 85, 86]  40
[24, 39, 85, 86]  30
[28, 39, 85, 86]  38
[34, 39, 76, 86]  36
[34, 39, 86, 116]  32
[34, 39, 86, 111]  32
[34, 36, 39, 86]  59
[23, 34, 39, 86]  40
[24, 34, 39, 86]  30
[28, 34, 39, 86]  38
[23, 36, 39, 86]  40
[1, 36, 66, 90]  32
[1, 36, 66, 86]  32
[1, 36, 66, 85]  32
[1, 24, 36, 66]  32
[1, 36, 86, 90]  49
[1, 36, 85, 90]  49
[1, 24, 36, 90]  38
[1, 29, 36, 90]  33
[1, 36, 85, 86]  49
[1, 24, 36, 86]  38
[1, 29, 36, 86]  33
[1, 24, 36, 85]  38
[1, 29, 36, 85]  33
[2, 28, 36, 59]  30
[2, 28, 34, 39]  38
[2, 28, 34, 59]  35
[2, 28, 34, 63]  33
[2, 28, 34, 53]  32
[2, 28, 59, 63]  32
[34, 39, 76, 85]  36
[34, 39, 85, 116]  32
[34, 39, 85, 111]  32
[34, 36, 39, 85]  59
[24, 34, 39, 85]  30
[23, 34, 39, 85]  40
[28, 34, 39, 85]  38
[23, 36, 39, 85]  40
[2, 23, 34, 36]  33
[2, 23, 36, 39]  33
[2, 23, 36, 59]  33
[2, 23, 36, 63]  31
[2, 23, 34, 39]  33
[2, 23, 34, 59]  34
[2, 23, 34, 63]  32
[2, 23, 59, 63]  32
[1, 66, 86, 90]  32
[1, 66, 85, 90]  32
[1, 24, 66, 90]  32
[1, 66, 85, 86]  32
[1, 24, 66, 86]  32
[1, 24, 66, 85]  32
[2, 34, 36, 39]  33
[2, 34, 36, 59]  34
[2, 34, 36, 63]  31
[2, 36, 59, 63]  33
[2, 34, 59, 63]  35
[2, 34, 53, 59]  30
[1, 85, 86, 90]  50
[1, 24, 86, 90]  39
[1, 29, 86, 90]  33
[1, 24, 85, 90]  39
[1, 29, 85, 90]  33
[1, 24, 85, 86]  39
[1, 29, 85, 86]  33
[34, 36, 52, 86]  36
[34, 36, 52, 85]  36
[34, 36, 52, 90]  32
[34, 52, 85, 86]  40
[34, 52, 86, 90]  34
[34, 52, 85, 90]  34
[34, 36, 53, 56]  30
[34, 53, 56, 86]  31
[34, 53, 56, 85]  31
[34, 53, 56, 90]  31
[34, 53, 56, 93]  31
[23, 34, 53, 56]  31
[34, 36, 53, 59]  32
[34, 53, 59, 86]  39
[34, 53, 59, 85]  39
[34, 53, 59, 90]  39
[34, 36, 53, 63]  31
[34, 53, 63, 86]  36
[34, 53, 63, 85]  36
[34, 53, 63, 90]  36
[34, 36, 53, 86]  47
[34, 36, 53, 85]  47
[34, 36, 53, 90]  47
[34, 36, 53, 93]  30
[23, 34, 36, 53]  30
[34, 53, 85, 86]  57
[34, 53, 86, 90]  57
[34, 53, 86, 93]  31
[34, 53, 67, 86]  38
[34, 53, 76, 86]  34
[34, 53, 86, 116]  30
[23, 34, 53, 86]  31
[28, 34, 53, 86]  32
[34, 53, 85, 90]  57
[34, 53, 85, 93]  31
[34, 53, 67, 85]  38
[34, 53, 76, 85]  34
[34, 53, 85, 116]  30
[23, 34, 53, 85]  31
[28, 34, 53, 85]  32
[34, 53, 90, 93]  31
[34, 53, 67, 90]  38
[34, 53, 76, 90]  34
[34, 53, 90, 116]  30
[23, 34, 53, 90]  31
[28, 34, 53, 90]  32
[23, 34, 53, 93]  31
[34, 56, 59, 63]  31
[34, 56, 59, 86]  31
[34, 56, 59, 85]  31
[34, 56, 59, 93]  31
[34, 36, 56, 63]  31
[34, 56, 63, 86]  33
[34, 56, 63, 85]  33
[34, 56, 63, 90]  31
[34, 56, 63, 93]  33
[23, 34, 56, 63]  30
[34, 36, 56, 86]  53
[34, 36, 56, 85]  53
[34, 36, 56, 90]  51
[34, 36, 56, 93]  34
[23, 34, 36, 56]  32
[34, 56, 85, 86]  56
[34, 56, 86, 90]  54
[34, 56, 86, 93]  36
[34, 56, 86, 116]  36
[34, 56, 86, 111]  31
[23, 34, 56, 86]  33
[34, 56, 85, 90]  54
[34, 56, 85, 93]  36
[34, 56, 85, 116]  36
[34, 56, 85, 111]  31
[23, 34, 56, 85]  33
[34, 56, 90, 93]  34
[34, 56, 90, 116]  36
[23, 34, 56, 90]  31
[23, 34, 56, 93]  33
[34, 36, 59, 63]  40
[34, 59, 63, 86]  45
[34, 59, 63, 85]  45
[34, 59, 63, 90]  40
[34, 59, 63, 93]  40
[34, 59, 63, 76]  30
[23, 34, 59, 63]  38
[28, 34, 59, 63]  30
[34, 36, 59, 86]  49
[34, 36, 59, 85]  49
[34, 36, 59, 90]  45
[34, 36, 59, 93]  39
[34, 36, 59, 67]  31
[34, 36, 59, 76]  31
[23, 34, 36, 59]  39
[34, 59, 85, 86]  58
[34, 59, 86, 90]  53
[34, 59, 86, 93]  42
[34, 59, 67, 86]  40
[34, 59, 76, 86]  40
[34, 59, 86, 116]  30
[23, 34, 59, 86]  40
[28, 34, 59, 86]  35
[34, 59, 85, 90]  53
[34, 59, 85, 93]  42
[34, 59, 67, 85]  40
[34, 59, 76, 85]  40
[34, 59, 85, 116]  30
[23, 34, 59, 85]  40
[28, 34, 59, 85]  35
[34, 59, 90, 93]  39
[34, 59, 67, 90]  37
[34, 59, 76, 90]  35
[34, 59, 90, 116]  30
[23, 34, 59, 90]  36
[28, 34, 59, 90]  30
[23, 34, 59, 93]  38
[34, 59, 67, 76]  33
[34, 61, 85, 86]  30
[24, 34, 61, 86]  30
[24, 34, 61, 85]  30
[34, 36, 63, 86]  45
[34, 36, 63, 85]  45
[34, 36, 63, 90]  41
[34, 36, 63, 93]  39
[23, 34, 36, 63]  39
[34, 63, 85, 86]  53
[34, 63, 86, 90]  47
[34, 63, 86, 93]  43
[34, 63, 67, 86]  36
[34, 63, 76, 86]  37
[23, 34, 63, 86]  40
[28, 34, 63, 86]  33
[34, 63, 85, 90]  47
[34, 63, 85, 93]  43
[34, 63, 67, 85]  36
[34, 63, 76, 85]  37
[23, 34, 63, 85]  40
[28, 34, 63, 85]  33
[34, 63, 90, 93]  39
[34, 63, 67, 90]  32
[34, 63, 76, 90]  31
[23, 34, 63, 90]  36
[23, 34, 63, 93]  38
[6, 85, 86, 90]  30
[6, 34, 85, 90]  30
[6, 34, 86, 90]  30
[23, 34, 36, 39]  40
[34, 36, 85, 86]  83
[34, 36, 86, 90]  79
[34, 36, 86, 93]  44
[34, 36, 67, 86]  43
[34, 36, 66, 86]  32
[34, 36, 76, 86]  41
[10, 34, 36, 86]  36
[24, 34, 36, 86]  39
[23, 34, 36, 86]  44
[29, 34, 36, 86]  33
[34, 36, 85, 90]  79
[34, 36, 85, 93]  44
[34, 36, 67, 85]  43
[34, 36, 66, 85]  32
[34, 36, 76, 85]  41
[10, 34, 36, 85]  36
[24, 34, 36, 85]  39
[23, 34, 36, 85]  44
[29, 34, 36, 85]  33
[34, 36, 90, 93]  42
[34, 36, 67, 90]  41
[34, 36, 66, 90]  32
[34, 36, 76, 90]  37
[10, 34, 36, 90]  36
[24, 34, 36, 90]  39
[23, 34, 36, 90]  40
[29, 34, 36, 90]  33
[34, 36, 67, 93]  30
[23, 34, 36, 93]  42
[34, 36, 67, 76]  31
[24, 34, 36, 66]  32
[6, 34, 85, 86]  33
[34, 85, 86, 90]  91
[34, 85, 86, 93]  48
[34, 67, 85, 86]  57
[34, 66, 85, 86]  32
[34, 76, 85, 86]  54
[9, 34, 85, 86]  34
[34, 85, 86, 116]  43
[34, 85, 86, 110]  35
[34, 85, 86, 111]  33
[10, 34, 85, 86]  37
[23, 34, 85, 86]  45
[24, 34, 85, 86]  52
[28, 34, 85, 86]  40
[29, 34, 85, 86]  33
[34, 86, 90, 93]  44
[34, 67, 86, 90]  53
[34, 66, 86, 90]  32
[34, 76, 86, 90]  48
[34, 86, 90, 116]  43
[34, 86, 90, 110]  35
[34, 86, 90, 111]  31
[10, 34, 86, 90]  37
[23, 34, 86, 90]  41
[24, 34, 86, 90]  50
[28, 34, 86, 90]  34
[29, 34, 86, 90]  33
[34, 67, 86, 93]  34
[34, 76, 86, 93]  33
[23, 34, 86, 93]  43
[34, 67, 76, 86]  44
[9, 34, 67, 86]  30
[24, 34, 66, 86]  32
[23, 34, 76, 86]  30
[34, 85, 90, 93]  44
[34, 67, 85, 90]  53
[34, 66, 85, 90]  32
[34, 76, 85, 90]  48
[34, 85, 90, 116]  43
[34, 85, 90, 110]  35
[34, 85, 90, 111]  31
[10, 34, 85, 90]  37
[24, 34, 85, 90]  50
[23, 34, 85, 90]  41
[28, 34, 85, 90]  34
[29, 34, 85, 90]  33
[34, 67, 85, 93]  34
[34, 76, 85, 93]  33
[23, 34, 85, 93]  43
[34, 67, 76, 85]  44
[9, 34, 67, 85]  30
[24, 34, 66, 85]  32
[23, 34, 76, 85]  30
[34, 67, 90, 93]  30
[23, 34, 90, 93]  41
[34, 67, 76, 90]  40
[24, 34, 66, 90]  32
[36, 53, 56, 90]  30
[36, 53, 56, 86]  30
[36, 53, 56, 85]  30
[36, 53, 56, 93]  30
[23, 36, 53, 56]  30
[36, 56, 63, 86]  31
[36, 56, 63, 85]  31
[36, 56, 63, 93]  31
[36, 56, 86, 90]  51
[36, 56, 85, 90]  51
[36, 56, 90, 93]  32
[23, 36, 56, 90]  30
[36, 56, 85, 86]  53
[36, 56, 86, 93]  34
[23, 36, 56, 86]  32
[36, 56, 85, 93]  34
[23, 36, 56, 85]  32
[23, 36, 56, 93]  32
[36, 66, 86, 90]  32
[36, 66, 85, 90]  32
[24, 36, 66, 90]  32
[66, 85, 86, 90]  32
[24, 66, 86, 90]  32
[24, 66, 85, 90]  32
[36, 52, 86, 90]  32
[36, 52, 85, 90]  34
[36, 52, 85, 86]  36
[36, 53, 63, 90]  31
[36, 53, 63, 86]  31
[36, 53, 63, 85]  31
[36, 53, 59, 90]  32
[36, 53, 59, 86]  32
[36, 53, 59, 85]  32
[36, 53, 86, 90]  47
[36, 53, 85, 90]  47
[36, 53, 90, 93]  30
[23, 36, 53, 90]  30
[36, 53, 85, 86]  47
[36, 53, 86, 93]  30
[23, 36, 53, 86]  30
[36, 53, 85, 93]  30
[23, 36, 53, 85]  30
[23, 36, 53, 93]  30
[36, 59, 63, 90]  38
[36, 59, 63, 86]  40
[36, 59, 63, 85]  42
[36, 59, 63, 93]  39
[23, 36, 59, 63]  37
[36, 63, 86, 90]  41
[36, 63, 85, 90]  43
[36, 63, 90, 93]  39
[23, 36, 63, 90]  35
[36, 63, 85, 86]  45
[36, 63, 86, 93]  39
[23, 36, 63, 86]  39
[36, 63, 85, 93]  41
[23, 36, 63, 85]  39
[23, 36, 63, 93]  37
[36, 66, 85, 86]  32
[24, 36, 66, 86]  32
[24, 36, 66, 85]  32
[24, 66, 85, 86]  32
[36, 59, 86, 90]  45
[36, 59, 85, 90]  47
[36, 59, 90, 93]  39
[23, 36, 59, 90]  35
[36, 59, 85, 86]  49
[36, 59, 86, 93]  39
[36, 59, 67, 86]  31
[36, 59, 76, 86]  31
[23, 36, 59, 86]  39
[36, 59, 85, 93]  41
[36, 59, 67, 85]  31
[36, 59, 76, 85]  31
[23, 36, 59, 85]  39
[28, 36, 59, 85]  30
[23, 36, 59, 93]  37
[36, 67, 86, 90]  41
[36, 67, 85, 90]  41
[36, 85, 86, 90]  79
[36, 86, 90, 93]  42
[36, 76, 86, 90]  37
[10, 36, 86, 90]  36
[23, 36, 86, 90]  40
[24, 36, 86, 90]  39
[29, 36, 86, 90]  33
[36, 85, 90, 93]  44
[36, 76, 85, 90]  37
[10, 36, 85, 90]  36
[23, 36, 85, 90]  40
[24, 36, 85, 90]  41
[29, 36, 85, 90]  33
[23, 36, 90, 93]  40
[67, 85, 90, 93]  30
[67, 86, 90, 93]  30
[36, 67, 85, 93]  30
[67, 85, 86, 93]  34
[36, 67, 86, 93]  30
[67, 85, 86, 90]  53
[67, 76, 85, 90]  40
[53, 67, 85, 90]  38
[63, 67, 85, 90]  32
[59, 67, 85, 90]  37
[67, 76, 86, 90]  40
[53, 67, 86, 90]  38
[63, 67, 86, 90]  32
[59, 67, 86, 90]  37
[59, 67, 76, 90]  30
[36, 85, 86, 93]  44
[36, 67, 85, 86]  43
[36, 76, 85, 86]  41
[10, 36, 85, 86]  36
[23, 36, 85, 86]  44
[24, 36, 85, 86]  39
[29, 36, 85, 86]  33
[23, 36, 86, 93]  42
[36, 67, 76, 86]  31
[36, 67, 76, 85]  31
[23, 36, 85, 93]  42
[67, 76, 85, 86]  44
[9, 67, 85, 86]  30
[53, 67, 85, 86]  38
[63, 67, 85, 86]  36
[59, 67, 85, 86]  40
[59, 67, 76, 85]  33
[59, 67, 76, 86]  33
[10, 85, 86, 90]  37
[76, 85, 86, 90]  48
[53, 76, 85, 90]  34
[63, 76, 85, 90]  31
[59, 76, 85, 90]  35
[53, 76, 86, 90]  34
[63, 76, 86, 90]  31
[59, 76, 86, 90]  35
[76, 85, 86, 93]  33
[53, 76, 85, 86]  34
[23, 76, 85, 86]  30
[63, 76, 85, 86]  37
[59, 76, 85, 86]  40
[59, 63, 76, 85]  30
[59, 63, 76, 86]  30
[53, 85, 90, 116]  30
[53, 86, 90, 116]  30
[53, 85, 86, 116]  30
[53, 85, 90, 93]  31
[53, 86, 90, 93]  31
[53, 56, 90, 93]  31
[23, 53, 90, 93]  31
[53, 85, 86, 93]  31
[53, 56, 85, 93]  31
[23, 53, 85, 93]  31
[53, 56, 86, 93]  31
[23, 53, 86, 93]  31
[23, 53, 56, 93]  31
[53, 85, 86, 90]  57
[53, 56, 85, 90]  31
[23, 53, 85, 90]  31
[53, 59, 85, 90]  39
[53, 63, 85, 90]  36
[28, 53, 85, 90]  32
[53, 56, 86, 90]  31
[23, 53, 86, 90]  31
[53, 59, 86, 90]  39
[53, 63, 86, 90]  36
[28, 53, 86, 90]  32
[23, 53, 56, 90]  31
[53, 56, 85, 86]  31
[23, 53, 85, 86]  31
[53, 59, 85, 86]  39
[53, 63, 85, 86]  36
[28, 53, 85, 86]  32
[23, 53, 56, 85]  31
[23, 53, 56, 86]  31
[56, 85, 86, 111]  31
[56, 85, 90, 116]  36
[56, 86, 90, 116]  36
[56, 85, 86, 116]  36
[56, 85, 90, 93]  34
[56, 86, 90, 93]  34
[56, 63, 90, 93]  31
[23, 56, 90, 93]  31
[56, 85, 86, 90]  54
[56, 63, 85, 90]  31
[23, 56, 85, 90]  31
[56, 63, 86, 90]  31
[23, 56, 86, 90]  31
[56, 85, 86, 93]  36
[56, 63, 85, 93]  33
[56, 59, 85, 93]  31
[23, 56, 85, 93]  33
[56, 63, 86, 93]  33
[56, 59, 86, 93]  31
[23, 56, 86, 93]  33
[56, 59, 63, 93]  31
[23, 56, 63, 93]  30
[56, 63, 85, 86]  33
[56, 59, 85, 86]  31
[23, 56, 85, 86]  33
[56, 59, 63, 85]  31
[23, 56, 63, 85]  30
[56, 59, 63, 86]  31
[23, 56, 63, 86]  30
[85, 86, 90, 116]  43
[59, 86, 90, 116]  30
[59, 85, 86, 116]  30
[85, 86, 90, 110]  35
[85, 86, 90, 111]  31
[23, 86, 90, 93]  41
[85, 86, 90, 93]  44
[63, 86, 90, 93]  39
[59, 86, 90, 93]  39
[23, 85, 86, 90]  41
[23, 63, 86, 90]  36
[23, 59, 86, 90]  36
[24, 85, 86, 90]  50
[52, 85, 86, 90]  34
[28, 85, 86, 90]  34
[63, 85, 86, 90]  47
[59, 85, 86, 90]  53
[29, 85, 86, 90]  33
[28, 59, 86, 90]  30
[59, 63, 86, 90]  40
[59, 85, 90, 116]  30
[23, 85, 86, 93]  43
[23, 63, 86, 93]  38
[23, 59, 86, 93]  38
[63, 85, 86, 93]  43
[59, 85, 86, 93]  42
[59, 63, 86, 93]  40
[23, 59, 85, 86]  40
[23, 63, 85, 86]  40
[23, 59, 63, 86]  38
[23, 85, 90, 93]  41
[23, 59, 90, 93]  36
[23, 63, 90, 93]  36
[23, 59, 85, 93]  38
[23, 63, 85, 93]  38
[23, 59, 63, 93]  36
[24, 61, 85, 86]  30
[23, 59, 85, 90]  36
[23, 63, 85, 90]  36
[23, 59, 63, 90]  34
[63, 85, 90, 93]  41
[59, 85, 90, 93]  41
[59, 63, 85, 93]  42
[28, 63, 85, 86]  33
[28, 59, 85, 86]  35
[59, 63, 85, 86]  45
[28, 59, 85, 90]  32
[59, 63, 85, 90]  42
[23, 59, 63, 85]  38
[28, 59, 63, 86]  30
[28, 59, 63, 85]  32
[59, 63, 90, 93]  39
[2, 34, 76, 85, 86]  31
[34, 36, 39, 56, 116]  32
[34, 36, 39, 90, 116]  32
[34, 36, 39, 86, 116]  32
[34, 36, 39, 85, 116]  32
[36, 39, 56, 90, 116]  32
[36, 39, 56, 86, 116]  32
[36, 39, 56, 85, 116]  32
[36, 39, 86, 90, 116]  32
[36, 39, 85, 90, 116]  32
[36, 39, 85, 86, 116]  32
[34, 36, 56, 90, 116]  34
[34, 36, 56, 86, 116]  34
[34, 36, 56, 85, 116]  34
[34, 36, 86, 90, 116]  41
[34, 36, 85, 90, 116]  41
[34, 36, 85, 86, 116]  41
[36, 56, 86, 90, 116]  34
[36, 56, 85, 90, 116]  34
[36, 56, 85, 86, 116]  34
[36, 85, 86, 90, 116]  41
[3, 34, 36, 39, 56]  30
[3, 34, 36, 39, 90]  33
[3, 34, 36, 39, 86]  34
[3, 34, 36, 39, 85]  34
[3, 34, 39, 56, 86]  30
[3, 34, 39, 56, 85]  30
[3, 34, 39, 86, 90]  37
[3, 34, 39, 85, 90]  37
[3, 34, 39, 85, 86]  38
[3, 36, 39, 56, 86]  30
[3, 36, 39, 56, 85]  30
[3, 36, 39, 86, 90]  33
[3, 36, 39, 85, 90]  33
[3, 36, 39, 85, 86]  34
[3, 39, 56, 85, 86]  30
[3, 39, 85, 86, 90]  37
[3, 34, 36, 63, 86]  30
[3, 34, 36, 63, 85]  30
[3, 34, 36, 59, 90]  30
[3, 34, 36, 59, 86]  31
[3, 34, 36, 59, 85]  31
[3, 34, 36, 56, 90]  31
[3, 34, 36, 56, 86]  32
[3, 34, 36, 56, 85]  32
[3, 34, 36, 86, 93]  30
[3, 34, 36, 85, 93]  30
[3, 34, 36, 86, 90]  46
[3, 34, 36, 85, 90]  46
[3, 34, 36, 85, 86]  47
[3, 34, 63, 86, 90]  32
[3, 34, 63, 85, 90]  32
[3, 34, 63, 85, 86]  33
[3, 34, 59, 86, 90]  33
[3, 34, 59, 85, 90]  33
[3, 34, 59, 85, 86]  34
[3, 34, 56, 86, 90]  33
[3, 34, 56, 85, 90]  33
[3, 34, 56, 85, 86]  34
[3, 34, 53, 86, 90]  32
[3, 34, 53, 85, 90]  32
[3, 34, 53, 85, 86]  32
[3, 34, 67, 86, 90]  32
[3, 34, 67, 85, 90]  32
[3, 34, 67, 85, 86]  33
[3, 34, 86, 90, 93]  30
[3, 34, 85, 90, 93]  30
[3, 34, 85, 86, 93]  31
[3, 34, 85, 86, 90]  52
[2, 34, 67, 85, 86]  31
[3, 36, 63, 85, 86]  30
[3, 36, 59, 86, 90]  30
[3, 36, 59, 85, 90]  30
[3, 36, 59, 85, 86]  31
[3, 36, 56, 86, 90]  31
[3, 36, 56, 85, 90]  31
[3, 36, 56, 85, 86]  32
[3, 36, 85, 86, 93]  30
[3, 36, 85, 86, 90]  46
[3, 63, 85, 86, 90]  32
[2, 85, 86, 90, 93]  30
[2, 23, 86, 90, 93]  30
[2, 34, 86, 90, 93]  30
[2, 59, 86, 90, 93]  30
[2, 39, 85, 90, 93]  31
[2, 23, 85, 90, 93]  30
[2, 36, 85, 90, 93]  31
[2, 34, 85, 90, 93]  30
[2, 59, 85, 90, 93]  32
[2, 63, 85, 90, 93]  30
[2, 36, 39, 90, 93]  31
[2, 39, 59, 90, 93]  31
[2, 23, 34, 90, 93]  30
[2, 23, 59, 90, 93]  30
[2, 36, 59, 90, 93]  31
[2, 34, 59, 90, 93]  30
[2, 59, 63, 90, 93]  30
[2, 39, 85, 86, 93]  33
[2, 23, 85, 86, 93]  32
[2, 36, 85, 86, 93]  31
[2, 34, 85, 86, 93]  34
[2, 59, 85, 86, 93]  33
[2, 63, 85, 86, 93]  32
[2, 23, 39, 86, 93]  31
[2, 36, 39, 86, 93]  31
[2, 34, 39, 86, 93]  33
[2, 39, 59, 86, 93]  32
[2, 39, 63, 86, 93]  31
[2, 23, 36, 86, 93]  31
[2, 23, 34, 86, 93]  32
[2, 23, 59, 86, 93]  32
[2, 23, 63, 86, 93]  30
[2, 34, 36, 86, 93]  31
[2, 36, 59, 86, 93]  31
[2, 34, 59, 86, 93]  33
[2, 34, 63, 86, 93]  32
[2, 59, 63, 86, 93]  31
[2, 23, 39, 85, 93]  31
[2, 36, 39, 85, 93]  33
[2, 34, 39, 85, 93]  33
[2, 39, 59, 85, 93]  34
[2, 39, 63, 85, 93]  33
[2, 23, 36, 85, 93]  31
[2, 23, 34, 85, 93]  32
[2, 23, 59, 85, 93]  32
[2, 23, 63, 85, 93]  30
[2, 34, 36, 85, 93]  31
[2, 36, 59, 85, 93]  33
[2, 36, 63, 85, 93]  31
[2, 34, 59, 85, 93]  33
[2, 34, 63, 85, 93]  32
[2, 59, 63, 85, 93]  33
[2, 23, 36, 39, 93]  31
[2, 23, 34, 39, 93]  31
[2, 23, 39, 59, 93]  31
[2, 34, 36, 39, 93]  31
[2, 36, 39, 59, 93]  33
[2, 36, 39, 63, 93]  31
[2, 34, 39, 59, 93]  32
[2, 34, 39, 63, 93]  31
[2, 39, 59, 63, 93]  32
[2, 23, 34, 36, 93]  31
[2, 23, 36, 59, 93]  31
[2, 23, 34, 59, 93]  32
[2, 23, 34, 63, 93]  30
[2, 23, 59, 63, 93]  30
[2, 34, 36, 59, 93]  31
[2, 36, 59, 63, 93]  31
[2, 34, 59, 63, 93]  31
[34, 36, 86, 90, 110]  33
[34, 36, 85, 90, 110]  33
[34, 36, 85, 86, 110]  33
[36, 85, 86, 90, 110]  33
[2, 39, 85, 86, 90]  38
[2, 28, 85, 86, 90]  34
[2, 23, 85, 86, 90]  30
[2, 36, 85, 86, 90]  30
[2, 34, 85, 86, 90]  41
[2, 59, 85, 86, 90]  37
[2, 63, 85, 86, 90]  32
[2, 53, 85, 86, 90]  33
[2, 28, 39, 86, 90]  32
[2, 34, 39, 86, 90]  38
[2, 39, 59, 86, 90]  35
[2, 39, 63, 86, 90]  31
[2, 39, 53, 86, 90]  32
[2, 28, 34, 86, 90]  34
[2, 28, 59, 86, 90]  30
[2, 28, 53, 86, 90]  32
[2, 23, 34, 86, 90]  30
[2, 23, 59, 86, 90]  30
[2, 34, 36, 86, 90]  30
[2, 36, 59, 86, 90]  30
[2, 34, 59, 86, 90]  37
[2, 34, 63, 86, 90]  32
[2, 34, 53, 86, 90]  33
[2, 59, 63, 86, 90]  30
[2, 53, 59, 86, 90]  30
[2, 28, 39, 85, 90]  34
[2, 36, 39, 85, 90]  31
[2, 34, 39, 85, 90]  38
[2, 39, 59, 85, 90]  37
[2, 39, 63, 85, 90]  33
[2, 39, 53, 85, 90]  32
[2, 28, 34, 85, 90]  34
[2, 28, 59, 85, 90]  32
[2, 28, 53, 85, 90]  32
[2, 23, 34, 85, 90]  30
[2, 23, 59, 85, 90]  30
[2, 34, 36, 85, 90]  30
[2, 36, 59, 85, 90]  32
[2, 34, 59, 85, 90]  37
[2, 34, 63, 85, 90]  32
[2, 34, 53, 85, 90]  33
[2, 59, 63, 85, 90]  32
[2, 53, 59, 85, 90]  30
[2, 28, 34, 39, 90]  32
[2, 28, 39, 59, 90]  31
[2, 28, 39, 53, 90]  32
[2, 36, 39, 59, 90]  31
[2, 34, 39, 59, 90]  35
[2, 34, 39, 63, 90]  31
[2, 34, 39, 53, 90]  32
[2, 39, 59, 63, 90]  31
[2, 28, 34, 59, 90]  30
[2, 28, 34, 53, 90]  32
[2, 23, 34, 59, 90]  30
[2, 34, 36, 59, 90]  30
[2, 34, 59, 63, 90]  30
[2, 34, 53, 59, 90]  30
[3, 59, 85, 86, 90]  33
[34, 36, 39, 56, 111]  31
[34, 36, 39, 90, 111]  30
[34, 36, 39, 86, 111]  32
[34, 36, 39, 85, 111]  32
[36, 39, 56, 86, 111]  31
[36, 39, 56, 85, 111]  31
[36, 39, 86, 90, 111]  30
[36, 39, 85, 90, 111]  30
[36, 39, 85, 86, 111]  32
[34, 36, 56, 86, 111]  31
[34, 36, 56, 85, 111]  31
[34, 36, 86, 90, 111]  31
[34, 36, 85, 90, 111]  31
[34, 36, 85, 86, 111]  33
[36, 56, 85, 86, 111]  31
[36, 85, 86, 90, 111]  31
[2, 28, 39, 85, 86]  38
[2, 23, 39, 85, 86]  33
[2, 36, 39, 85, 86]  33
[2, 34, 39, 85, 86]  44
[2, 39, 59, 85, 86]  40
[2, 39, 63, 85, 86]  37
[2, 39, 53, 85, 86]  32
[2, 28, 34, 85, 86]  40
[2, 28, 59, 85, 86]  35
[2, 28, 63, 85, 86]  33
[2, 28, 53, 85, 86]  32
[2, 23, 36, 85, 86]  33
[2, 23, 34, 85, 86]  34
[2, 23, 59, 85, 86]  34
[2, 23, 63, 85, 86]  32
[2, 34, 36, 85, 86]  34
[2, 36, 59, 85, 86]  34
[2, 36, 63, 85, 86]  31
[2, 34, 59, 85, 86]  42
[2, 34, 63, 85, 86]  38
[2, 34, 53, 85, 86]  33
[2, 59, 63, 85, 86]  35
[2, 53, 59, 85, 86]  30
[2, 28, 34, 39, 86]  38
[2, 28, 39, 59, 86]  34
[2, 28, 39, 63, 86]  33
[2, 28, 39, 53, 86]  32
[2, 23, 36, 39, 86]  33
[2, 23, 34, 39, 86]  33
[2, 23, 39, 59, 86]  33
[2, 23, 39, 63, 86]  31
[2, 34, 36, 39, 86]  33
[2, 36, 39, 59, 86]  33
[2, 36, 39, 63, 86]  31
[2, 34, 39, 59, 86]  40
[2, 34, 39, 63, 86]  37
[2, 34, 39, 53, 86]  32
[2, 39, 59, 63, 86]  34
[2, 28, 34, 59, 86]  35
[2, 28, 34, 63, 86]  33
[2, 28, 34, 53, 86]  32
[2, 28, 59, 63, 86]  30
[2, 23, 34, 36, 86]  33
[2, 23, 36, 59, 86]  33
[2, 23, 36, 63, 86]  31
[2, 23, 34, 59, 86]  34
[2, 23, 34, 63, 86]  32
[2, 23, 59, 63, 86]  32
[2, 34, 36, 59, 86]  34
[2, 34, 36, 63, 86]  31
[2, 36, 59, 63, 86]  31
[2, 34, 59, 63, 86]  35
[2, 34, 53, 59, 86]  30
[2, 28, 34, 39, 85]  38
[2, 28, 39, 59, 85]  36
[2, 28, 39, 63, 85]  35
[2, 28, 39, 53, 85]  32
[2, 28, 36, 59, 85]  30
[2, 28, 34, 59, 85]  35
[2, 28, 34, 63, 85]  33
[2, 28, 34, 53, 85]  32
[2, 28, 59, 63, 85]  32
[2, 23, 36, 39, 85]  33
[2, 23, 34, 39, 85]  33
[2, 23, 39, 59, 85]  33
[2, 23, 39, 63, 85]  31
[2, 34, 36, 39, 85]  33
[2, 36, 39, 59, 85]  35
[2, 36, 39, 63, 85]  33
[2, 34, 39, 59, 85]  40
[2, 34, 39, 63, 85]  37
[2, 34, 39, 53, 85]  32
[2, 39, 59, 63, 85]  36
[2, 23, 34, 36, 85]  33
[2, 23, 36, 59, 85]  33
[2, 23, 36, 63, 85]  31
[2, 23, 34, 59, 85]  34
[2, 23, 34, 63, 85]  32
[2, 23, 59, 63, 85]  32
[2, 34, 36, 59, 85]  34
[2, 34, 36, 63, 85]  31
[2, 36, 59, 63, 85]  33
[2, 34, 59, 63, 85]  35
[2, 34, 53, 59, 85]  30
[3, 56, 85, 86, 90]  33
[3, 53, 85, 86, 90]  32
[39, 59, 63, 90, 93]  31
[39, 59, 63, 86, 90]  31
[39, 59, 63, 85, 90]  33
[34, 39, 59, 63, 90]  31
[36, 39, 59, 63, 90]  31
[39, 59, 63, 86, 93]  32
[39, 59, 63, 85, 93]  34
[34, 39, 59, 63, 93]  32
[36, 39, 59, 63, 93]  33
[23, 39, 59, 63, 93]  31
[39, 59, 63, 85, 86]  36
[34, 39, 59, 63, 86]  36
[36, 39, 59, 63, 86]  33
[23, 39, 59, 63, 86]  33
[28, 39, 59, 63, 86]  30
[34, 39, 59, 63, 85]  36
[36, 39, 59, 63, 85]  35
[23, 39, 59, 63, 85]  33
[28, 39, 59, 63, 85]  32
[2, 34, 39, 59, 63]  34
[2, 36, 39, 59, 63]  33
[2, 23, 39, 59, 63]  31
[2, 28, 39, 59, 63]  32
[34, 36, 39, 59, 63]  33
[23, 34, 39, 59, 63]  33
[28, 34, 39, 59, 63]  30
[23, 36, 39, 59, 63]  33
[39, 53, 63, 86, 90]  31
[39, 53, 63, 85, 90]  31
[34, 39, 53, 63, 90]  31
[39, 53, 63, 85, 86]  31
[34, 39, 53, 63, 86]  31
[34, 39, 53, 63, 85]  31
[39, 63, 86, 90, 93]  31
[39, 63, 85, 90, 93]  33
[34, 39, 63, 90, 93]  31
[36, 39, 63, 90, 93]  33
[23, 39, 63, 90, 93]  31
[39, 63, 85, 86, 90]  35
[34, 39, 63, 86, 90]  35
[36, 39, 63, 86, 90]  31
[23, 39, 63, 86, 90]  31
[34, 39, 63, 85, 90]  35
[36, 39, 63, 85, 90]  33
[23, 39, 63, 85, 90]  31
[34, 36, 39, 63, 90]  31
[23, 34, 39, 63, 90]  31
[23, 36, 39, 63, 90]  31
[39, 63, 85, 86, 93]  35
[34, 39, 63, 86, 93]  35
[36, 39, 63, 86, 93]  33
[23, 39, 63, 86, 93]  33
[34, 39, 63, 85, 93]  35
[36, 39, 63, 85, 93]  35
[23, 39, 63, 85, 93]  33
[34, 36, 39, 63, 93]  33
[23, 34, 39, 63, 93]  33
[23, 36, 39, 63, 93]  33
[34, 39, 63, 85, 86]  41
[36, 39, 63, 85, 86]  35
[23, 39, 63, 85, 86]  35
[28, 39, 63, 85, 86]  33
[34, 36, 39, 63, 86]  35
[23, 34, 39, 63, 86]  35
[28, 34, 39, 63, 86]  33
[23, 36, 39, 63, 86]  35
[34, 36, 39, 63, 85]  35
[23, 34, 39, 63, 85]  35
[28, 34, 39, 63, 85]  33
[23, 36, 39, 63, 85]  35
[2, 34, 36, 39, 63]  31
[2, 23, 34, 39, 63]  31
[2, 28, 34, 39, 63]  33
[2, 23, 36, 39, 63]  31
[23, 34, 36, 39, 63]  35
[39, 67, 85, 86, 90]  31
[34, 39, 67, 86, 90]  31
[34, 39, 67, 85, 90]  31
[34, 39, 67, 85, 86]  35
[39, 53, 56, 90, 93]  30
[39, 53, 56, 86, 90]  30
[39, 53, 56, 85, 90]  30
[34, 39, 53, 56, 90]  30
[36, 39, 53, 56, 90]  30
[23, 39, 53, 56, 90]  30
[39, 53, 56, 86, 93]  30
[39, 53, 56, 85, 93]  30
[34, 39, 53, 56, 93]  30
[36, 39, 53, 56, 93]  30
[23, 39, 53, 56, 93]  30
[39, 53, 56, 85, 86]  30
[34, 39, 53, 56, 86]  30
[36, 39, 53, 56, 86]  30
[23, 39, 53, 56, 86]  30
[34, 39, 53, 56, 85]  30
[36, 39, 53, 56, 85]  30
[23, 39, 53, 56, 85]  30
[34, 36, 39, 53, 56]  30
[23, 34, 39, 53, 56]  30
[23, 36, 39, 53, 56]  30
[39, 56, 86, 90, 93]  30
[39, 56, 85, 90, 93]  30
[34, 39, 56, 90, 93]  30
[36, 39, 56, 90, 93]  30
[23, 39, 56, 90, 93]  30
[39, 56, 85, 86, 90]  49
[39, 56, 86, 90, 116]  32
[34, 39, 56, 86, 90]  49
[36, 39, 56, 86, 90]  49
[23, 39, 56, 86, 90]  30
[39, 56, 85, 90, 116]  32
[34, 39, 56, 85, 90]  49
[36, 39, 56, 85, 90]  49
[23, 39, 56, 85, 90]  30
[34, 39, 56, 90, 116]  32
[34, 36, 39, 56, 90]  49
[23, 34, 39, 56, 90]  30
[23, 36, 39, 56, 90]  30
[39, 56, 85, 86, 93]  32
[34, 39, 56, 86, 93]  32
[36, 39, 56, 86, 93]  32
[23, 39, 56, 86, 93]  32
[34, 39, 56, 85, 93]  32
[36, 39, 56, 85, 93]  32
[23, 39, 56, 85, 93]  32
[34, 36, 39, 56, 93]  32
[23, 34, 39, 56, 93]  32
[23, 36, 39, 56, 93]  32
[39, 56, 85, 86, 116]  32
[39, 56, 85, 86, 111]  31
[34, 39, 56, 85, 86]  51
[36, 39, 56, 85, 86]  51
[23, 39, 56, 85, 86]  32
[34, 39, 56, 86, 116]  32
[34, 39, 56, 86, 111]  31
[34, 36, 39, 56, 86]  51
[23, 34, 39, 56, 86]  32
[23, 36, 39, 56, 86]  32
[34, 39, 56, 85, 116]  32
[34, 39, 56, 85, 111]  31
[34, 36, 39, 56, 85]  51
[23, 34, 39, 56, 85]  32
[23, 36, 39, 56, 85]  32
[23, 34, 36, 39, 56]  32
[39, 53, 59, 86, 90]  31
[39, 53, 59, 85, 90]  31
[34, 39, 53, 59, 90]  31
[39, 53, 59, 85, 86]  31
[34, 39, 53, 59, 86]  31
[34, 39, 53, 59, 85]  31
[39, 59, 86, 90, 93]  31
[39, 59, 85, 90, 93]  33
[34, 39, 59, 90, 93]  31
[36, 39, 59, 90, 93]  33
[23, 39, 59, 90, 93]  31
[39, 59, 85, 86, 90]  37
[34, 39, 59, 86, 90]  37
[36, 39, 59, 86, 90]  31
[23, 39, 59, 86, 90]  31
[34, 39, 59, 85, 90]  37
[36, 39, 59, 85, 90]  33
[23, 39, 59, 85, 90]  31
[28, 39, 59, 85, 90]  31
[34, 36, 39, 59, 90]  31
[23, 34, 39, 59, 90]  31
[23, 36, 39, 59, 90]  31
[39, 59, 85, 86, 93]  34
[34, 39, 59, 86, 93]  34
[36, 39, 59, 86, 93]  33
[23, 39, 59, 86, 93]  33
[34, 39, 59, 85, 93]  34
[36, 39, 59, 85, 93]  35
[23, 39, 59, 85, 93]  33
[34, 36, 39, 59, 93]  33
[23, 34, 39, 59, 93]  33
[23, 36, 39, 59, 93]  33
[34, 39, 59, 85, 86]  42
[36, 39, 59, 85, 86]  35
[23, 39, 59, 85, 86]  35
[28, 39, 59, 85, 86]  34
[34, 36, 39, 59, 86]  35
[23, 34, 39, 59, 86]  35
[28, 34, 39, 59, 86]  34
[23, 36, 39, 59, 86]  35
[34, 36, 39, 59, 85]  35
[23, 34, 39, 59, 85]  35
[28, 34, 39, 59, 85]  34
[23, 36, 39, 59, 85]  35
[2, 34, 36, 39, 59]  33
[2, 23, 34, 39, 59]  33
[2, 28, 34, 39, 59]  34
[2, 23, 36, 39, 59]  33
[23, 34, 36, 39, 59]  35
[3, 67, 85, 86, 90]  32
[39, 53, 86, 90, 93]  30
[39, 53, 85, 90, 93]  30
[34, 39, 53, 90, 93]  30
[36, 39, 53, 90, 93]  30
[23, 39, 53, 90, 93]  30
[39, 53, 85, 86, 90]  39
[34, 39, 53, 86, 90]  39
[36, 39, 53, 86, 90]  30
[23, 39, 53, 86, 90]  30
[28, 39, 53, 86, 90]  32
[34, 39, 53, 85, 90]  39
[36, 39, 53, 85, 90]  30
[23, 39, 53, 85, 90]  30
[28, 39, 53, 85, 90]  32
[34, 36, 39, 53, 90]  30
[23, 34, 39, 53, 90]  30
[28, 34, 39, 53, 90]  32
[23, 36, 39, 53, 90]  30
[39, 53, 85, 86, 93]  30
[34, 39, 53, 86, 93]  30
[36, 39, 53, 86, 93]  30
[23, 39, 53, 86, 93]  30
[34, 39, 53, 85, 93]  30
[36, 39, 53, 85, 93]  30
[23, 39, 53, 85, 93]  30
[34, 36, 39, 53, 93]  30
[23, 34, 39, 53, 93]  30
[23, 36, 39, 53, 93]  30
[34, 39, 53, 85, 86]  39
[36, 39, 53, 85, 86]  30
[23, 39, 53, 85, 86]  30
[28, 39, 53, 85, 86]  32
[34, 36, 39, 53, 86]  30
[23, 34, 39, 53, 86]  30
[28, 34, 39, 53, 86]  32
[23, 36, 39, 53, 86]  30
[34, 36, 39, 53, 85]  30
[23, 34, 39, 53, 85]  30
[28, 34, 39, 53, 85]  32
[23, 36, 39, 53, 85]  30
[2, 28, 34, 39, 53]  32
[23, 34, 36, 39, 53]  30
[3, 85, 86, 90, 93]  30
[34, 39, 52, 85, 86]  31
[39, 85, 86, 90, 93]  36
[34, 39, 86, 90, 93]  36
[36, 39, 86, 90, 93]  36
[23, 39, 86, 90, 93]  36
[34, 39, 85, 90, 93]  36
[36, 39, 85, 90, 93]  38
[23, 39, 85, 90, 93]  36
[34, 36, 39, 90, 93]  36
[23, 34, 39, 90, 93]  36
[23, 36, 39, 90, 93]  36
[39, 76, 85, 86, 90]  30
[39, 85, 86, 90, 116]  32
[39, 85, 86, 90, 111]  30
[34, 39, 85, 86, 90]  64
[36, 39, 85, 86, 90]  55
[23, 39, 85, 86, 90]  36
[28, 39, 85, 86, 90]  32
[34, 39, 76, 86, 90]  30
[34, 39, 86, 90, 116]  32
[34, 39, 86, 90, 111]  30
[34, 36, 39, 86, 90]  55
[23, 34, 39, 86, 90]  36
[28, 34, 39, 86, 90]  32
[23, 36, 39, 86, 90]  36
[34, 39, 76, 85, 90]  30
[34, 39, 85, 90, 116]  32
[34, 39, 85, 90, 111]  30
[34, 36, 39, 85, 90]  55
[23, 34, 39, 85, 90]  36
[28, 34, 39, 85, 90]  32
[23, 36, 39, 85, 90]  36
[23, 34, 36, 39, 90]  36
[1, 34, 36, 66, 90]  32
[1, 34, 36, 66, 86]  32
[1, 34, 36, 66, 85]  32
[1, 24, 34, 36, 66]  32
[1, 34, 36, 86, 90]  49
[1, 34, 36, 85, 90]  49
[1, 24, 34, 36, 90]  38
[1, 29, 34, 36, 90]  33
[1, 34, 36, 85, 86]  49
[1, 24, 34, 36, 86]  38
[1, 29, 34, 36, 86]  33
[1, 24, 34, 36, 85]  38
[1, 29, 34, 36, 85]  33
[1, 34, 66, 86, 90]  32
[1, 34, 66, 85, 90]  32
[1, 24, 34, 66, 90]  32
[1, 34, 66, 85, 86]  32
[1, 24, 34, 66, 86]  32
[1, 24, 34, 66, 85]  32
[1, 34, 85, 86, 90]  50
[1, 24, 34, 86, 90]  39
[1, 29, 34, 86, 90]  33
[1, 24, 34, 85, 90]  39
[1, 29, 34, 85, 90]  33
[1, 24, 34, 85, 86]  39
[1, 29, 34, 85, 86]  33
[34, 39, 85, 86, 93]  40
[36, 39, 85, 86, 93]  38
[23, 39, 85, 86, 93]  38
[34, 36, 39, 86, 93]  38
[23, 34, 39, 86, 93]  38
[23, 36, 39, 86, 93]  38
[34, 36, 39, 85, 93]  38
[23, 34, 39, 85, 93]  38
[23, 36, 39, 85, 93]  38
[23, 34, 36, 39, 93]  38
[34, 39, 76, 85, 86]  36
[34, 39, 85, 86, 116]  32
[34, 39, 85, 86, 111]  32
[34, 36, 39, 85, 86]  59
[23, 34, 39, 85, 86]  40
[24, 34, 39, 85, 86]  30
[28, 34, 39, 85, 86]  38
[23, 36, 39, 85, 86]  40
[23, 34, 36, 39, 86]  40
[1, 36, 66, 86, 90]  32
[1, 36, 66, 85, 90]  32
[1, 24, 36, 66, 90]  32
[1, 36, 66, 85, 86]  32
[1, 24, 36, 66, 86]  32
[1, 24, 36, 66, 85]  32
[1, 36, 85, 86, 90]  49
[1, 24, 36, 86, 90]  38
[1, 29, 36, 86, 90]  33
[1, 24, 36, 85, 90]  38
[1, 29, 36, 85, 90]  33
[1, 24, 36, 85, 86]  38
[1, 29, 36, 85, 86]  33
[2, 28, 34, 59, 63]  30
[23, 34, 36, 39, 85]  40
[2, 23, 34, 36, 39]  33
[2, 23, 34, 36, 59]  33
[2, 23, 34, 36, 63]  31
[2, 23, 36, 59, 63]  31
[2, 23, 34, 59, 63]  32
[1, 66, 85, 86, 90]  32
[1, 24, 66, 86, 90]  32
[1, 24, 66, 85, 90]  32
[1, 24, 66, 85, 86]  32
[2, 34, 36, 59, 63]  31
[1, 24, 85, 86, 90]  39
[1, 29, 85, 86, 90]  33
[34, 36, 52, 85, 86]  36
[34, 36, 52, 86, 90]  32
[34, 36, 52, 85, 90]  32
[34, 52, 85, 86, 90]  34
[34, 36, 53, 56, 86]  30
[34, 36, 53, 56, 85]  30
[34, 36, 53, 56, 90]  30
[34, 36, 53, 56, 93]  30
[23, 34, 36, 53, 56]  30
[34, 53, 56, 85, 86]  31
[34, 53, 56, 86, 90]  31
[34, 53, 56, 86, 93]  31
[23, 34, 53, 56, 86]  31
[34, 53, 56, 85, 90]  31
[34, 53, 56, 85, 93]  31
[23, 34, 53, 56, 85]  31
[34, 53, 56, 90, 93]  31
[23, 34, 53, 56, 90]  31
[23, 34, 53, 56, 93]  31
[34, 36, 53, 59, 86]  32
[34, 36, 53, 59, 85]  32
[34, 36, 53, 59, 90]  32
[34, 53, 59, 85, 86]  39
[34, 53, 59, 86, 90]  39
[34, 53, 59, 85, 90]  39
[34, 36, 53, 63, 86]  31
[34, 36, 53, 63, 85]  31
[34, 36, 53, 63, 90]  31
[34, 53, 63, 85, 86]  36
[34, 53, 63, 86, 90]  36
[34, 53, 63, 85, 90]  36
[34, 36, 53, 85, 86]  47
[34, 36, 53, 86, 90]  47
[34, 36, 53, 86, 93]  30
[23, 34, 36, 53, 86]  30
[34, 36, 53, 85, 90]  47
[34, 36, 53, 85, 93]  30
[23, 34, 36, 53, 85]  30
[34, 36, 53, 90, 93]  30
[23, 34, 36, 53, 90]  30
[23, 34, 36, 53, 93]  30
[34, 53, 85, 86, 90]  57
[34, 53, 85, 86, 93]  31
[34, 53, 67, 85, 86]  38
[34, 53, 76, 85, 86]  34
[34, 53, 85, 86, 116]  30
[23, 34, 53, 85, 86]  31
[28, 34, 53, 85, 86]  32
[34, 53, 86, 90, 93]  31
[34, 53, 67, 86, 90]  38
[34, 53, 76, 86, 90]  34
[34, 53, 86, 90, 116]  30
[23, 34, 53, 86, 90]  31
[28, 34, 53, 86, 90]  32
[23, 34, 53, 86, 93]  31
[34, 53, 85, 90, 93]  31
[34, 53, 67, 85, 90]  38
[34, 53, 76, 85, 90]  34
[34, 53, 85, 90, 116]  30
[23, 34, 53, 85, 90]  31
[28, 34, 53, 85, 90]  32
[23, 34, 53, 85, 93]  31
[23, 34, 53, 90, 93]  31
[34, 56, 59, 63, 86]  31
[34, 56, 59, 63, 85]  31
[34, 56, 59, 63, 93]  31
[34, 56, 59, 85, 86]  31
[34, 56, 59, 86, 93]  31
[34, 56, 59, 85, 93]  31
[34, 36, 56, 63, 86]  31
[34, 36, 56, 63, 85]  31
[34, 36, 56, 63, 93]  31
[34, 56, 63, 85, 86]  33
[34, 56, 63, 86, 90]  31
[34, 56, 63, 86, 93]  33
[23, 34, 56, 63, 86]  30
[34, 56, 63, 85, 90]  31
[34, 56, 63, 85, 93]  33
[23, 34, 56, 63, 85]  30
[34, 56, 63, 90, 93]  31
[23, 34, 56, 63, 93]  30
[34, 36, 56, 85, 86]  53
[34, 36, 56, 86, 90]  51
[34, 36, 56, 86, 93]  34
[23, 34, 36, 56, 86]  32
[34, 36, 56, 85, 90]  51
[34, 36, 56, 85, 93]  34
[23, 34, 36, 56, 85]  32
[34, 36, 56, 90, 93]  32
[23, 34, 36, 56, 90]  30
[23, 34, 36, 56, 93]  32
[34, 56, 85, 86, 90]  54
[34, 56, 85, 86, 93]  36
[34, 56, 85, 86, 116]  36
[34, 56, 85, 86, 111]  31
[23, 34, 56, 85, 86]  33
[34, 56, 86, 90, 93]  34
[34, 56, 86, 90, 116]  36
[23, 34, 56, 86, 90]  31
[23, 34, 56, 86, 93]  33
[34, 56, 85, 90, 93]  34
[34, 56, 85, 90, 116]  36
[23, 34, 56, 85, 90]  31
[23, 34, 56, 85, 93]  33
[23, 34, 56, 90, 93]  31
[34, 36, 59, 63, 86]  40
[34, 36, 59, 63, 85]  40
[34, 36, 59, 63, 90]  36
[34, 36, 59, 63, 93]  37
[23, 34, 36, 59, 63]  37
[34, 59, 63, 85, 86]  45
[34, 59, 63, 86, 90]  40
[34, 59, 63, 86, 93]  40
[34, 59, 63, 76, 86]  30
[23, 34, 59, 63, 86]  38
[28, 34, 59, 63, 86]  30
[34, 59, 63, 85, 90]  40
[34, 59, 63, 85, 93]  40
[34, 59, 63, 76, 85]  30
[23, 34, 59, 63, 85]  38
[28, 34, 59, 63, 85]  30
[34, 59, 63, 90, 93]  37
[23, 34, 59, 63, 90]  34
[23, 34, 59, 63, 93]  36
[34, 36, 59, 85, 86]  49
[34, 36, 59, 86, 90]  45
[34, 36, 59, 86, 93]  39
[34, 36, 59, 67, 86]  31
[34, 36, 59, 76, 86]  31
[23, 34, 36, 59, 86]  39
[34, 36, 59, 85, 90]  45
[34, 36, 59, 85, 93]  39
[34, 36, 59, 67, 85]  31
[34, 36, 59, 76, 85]  31
[23, 34, 36, 59, 85]  39
[34, 36, 59, 90, 93]  37
[23, 34, 36, 59, 90]  35
[23, 34, 36, 59, 93]  37
[34, 59, 85, 86, 90]  53
[34, 59, 85, 86, 93]  42
[34, 59, 67, 85, 86]  40
[34, 59, 76, 85, 86]  40
[34, 59, 85, 86, 116]  30
[23, 34, 59, 85, 86]  40
[28, 34, 59, 85, 86]  35
[34, 59, 86, 90, 93]  39
[34, 59, 67, 86, 90]  37
[34, 59, 76, 86, 90]  35
[34, 59, 86, 90, 116]  30
[23, 34, 59, 86, 90]  36
[28, 34, 59, 86, 90]  30
[23, 34, 59, 86, 93]  38
[34, 59, 67, 76, 86]  33
[34, 59, 85, 90, 93]  39
[34, 59, 67, 85, 90]  37
[34, 59, 76, 85, 90]  35
[34, 59, 85, 90, 116]  30
[23, 34, 59, 85, 90]  36
[28, 34, 59, 85, 90]  30
[23, 34, 59, 85, 93]  38
[34, 59, 67, 76, 85]  33
[23, 34, 59, 90, 93]  36
[34, 59, 67, 76, 90]  30
[24, 34, 61, 85, 86]  30
[34, 36, 63, 85, 86]  45
[34, 36, 63, 86, 90]  41
[34, 36, 63, 86, 93]  39
[23, 34, 36, 63, 86]  39
[34, 36, 63, 85, 90]  41
[34, 36, 63, 85, 93]  39
[23, 34, 36, 63, 85]  39
[34, 36, 63, 90, 93]  37
[23, 34, 36, 63, 90]  35
[23, 34, 36, 63, 93]  37
[34, 63, 85, 86, 90]  47
[34, 63, 85, 86, 93]  43
[34, 63, 67, 85, 86]  36
[34, 63, 76, 85, 86]  37
[23, 34, 63, 85, 86]  40
[28, 34, 63, 85, 86]  33
[34, 63, 86, 90, 93]  39
[34, 63, 67, 86, 90]  32
[34, 63, 76, 86, 90]  31
[23, 34, 63, 86, 90]  36
[23, 34, 63, 86, 93]  38
[34, 63, 85, 90, 93]  39
[34, 63, 67, 85, 90]  32
[34, 63, 76, 85, 90]  31
[23, 34, 63, 85, 90]  36
[23, 34, 63, 85, 93]  38
[23, 34, 63, 90, 93]  36
[6, 34, 85, 86, 90]  30
[34, 36, 85, 86, 90]  79
[34, 36, 85, 86, 93]  44
[34, 36, 67, 85, 86]  43
[34, 36, 66, 85, 86]  32
[34, 36, 76, 85, 86]  41
[10, 34, 36, 85, 86]  36
[24, 34, 36, 85, 86]  39
[23, 34, 36, 85, 86]  44
[29, 34, 36, 85, 86]  33
[34, 36, 86, 90, 93]  42
[34, 36, 67, 86, 90]  41
[34, 36, 66, 86, 90]  32
[34, 36, 76, 86, 90]  37
[10, 34, 36, 86, 90]  36
[24, 34, 36, 86, 90]  39
[23, 34, 36, 86, 90]  40
[29, 34, 36, 86, 90]  33
[34, 36, 67, 86, 93]  30
[23, 34, 36, 86, 93]  42
[34, 36, 67, 76, 86]  31
[24, 34, 36, 66, 86]  32
[34, 36, 85, 90, 93]  42
[34, 36, 67, 85, 90]  41
[34, 36, 66, 85, 90]  32
[34, 36, 76, 85, 90]  37
[10, 34, 36, 85, 90]  36
[24, 34, 36, 85, 90]  39
[23, 34, 36, 85, 90]  40
[29, 34, 36, 85, 90]  33
[34, 36, 67, 85, 93]  30
[23, 34, 36, 85, 93]  42
[34, 36, 67, 76, 85]  31
[24, 34, 36, 66, 85]  32
[23, 34, 36, 90, 93]  40
[24, 34, 36, 66, 90]  32
[34, 85, 86, 90, 93]  44
[34, 67, 85, 86, 90]  53
[34, 66, 85, 86, 90]  32
[34, 76, 85, 86, 90]  48
[34, 85, 86, 90, 116]  43
[34, 85, 86, 90, 110]  35
[34, 85, 86, 90, 111]  31
[10, 34, 85, 86, 90]  37
[23, 34, 85, 86, 90]  41
[24, 34, 85, 86, 90]  50
[28, 34, 85, 86, 90]  34
[29, 34, 85, 86, 90]  33
[34, 67, 85, 86, 93]  34
[34, 76, 85, 86, 93]  33
[23, 34, 85, 86, 93]  43
[34, 67, 76, 85, 86]  44
[9, 34, 67, 85, 86]  30
[24, 34, 66, 85, 86]  32
[23, 34, 76, 85, 86]  30
[34, 67, 86, 90, 93]  30
[23, 34, 86, 90, 93]  41
[34, 67, 76, 86, 90]  40
[24, 34, 66, 86, 90]  32
[34, 67, 85, 90, 93]  30
[23, 34, 85, 90, 93]  41
[34, 67, 76, 85, 90]  40
[24, 34, 66, 85, 90]  32
[36, 53, 56, 86, 90]  30
[36, 53, 56, 85, 90]  30
[36, 53, 56, 90, 93]  30
[23, 36, 53, 56, 90]  30
[36, 53, 56, 85, 86]  30
[36, 53, 56, 86, 93]  30
[23, 36, 53, 56, 86]  30
[36, 53, 56, 85, 93]  30
[23, 36, 53, 56, 85]  30
[23, 36, 53, 56, 93]  30
[36, 56, 63, 85, 86]  31
[36, 56, 63, 86, 93]  31
[36, 56, 63, 85, 93]  31
[36, 56, 85, 86, 90]  51
[36, 56, 86, 90, 93]  32
[23, 36, 56, 86, 90]  30
[36, 56, 85, 90, 93]  32
[23, 36, 56, 85, 90]  30
[23, 36, 56, 90, 93]  30
[36, 56, 85, 86, 93]  34
[23, 36, 56, 85, 86]  32
[23, 36, 56, 86, 93]  32
[23, 36, 56, 85, 93]  32
[36, 66, 85, 86, 90]  32
[24, 36, 66, 86, 90]  32
[24, 36, 66, 85, 90]  32
[24, 66, 85, 86, 90]  32
[36, 52, 85, 86, 90]  32
[36, 53, 63, 86, 90]  31
[36, 53, 63, 85, 90]  31
[36, 53, 63, 85, 86]  31
[36, 53, 59, 86, 90]  32
[36, 53, 59, 85, 90]  32
[36, 53, 59, 85, 86]  32
[36, 53, 85, 86, 90]  47
[36, 53, 86, 90, 93]  30
[23, 36, 53, 86, 90]  30
[36, 53, 85, 90, 93]  30
[23, 36, 53, 85, 90]  30
[23, 36, 53, 90, 93]  30
[36, 53, 85, 86, 93]  30
[23, 36, 53, 85, 86]  30
[23, 36, 53, 86, 93]  30
[23, 36, 53, 85, 93]  30
[36, 59, 63, 86, 90]  36
[36, 59, 63, 85, 90]  38
[36, 59, 63, 90, 93]  37
[23, 36, 59, 63, 90]  33
[36, 59, 63, 85, 86]  40
[36, 59, 63, 86, 93]  37
[23, 36, 59, 63, 86]  37
[36, 59, 63, 85, 93]  39
[23, 36, 59, 63, 85]  37
[23, 36, 59, 63, 93]  35
[36, 63, 85, 86, 90]  41
[36, 63, 86, 90, 93]  37
[23, 36, 63, 86, 90]  35
[36, 63, 85, 90, 93]  39
[23, 36, 63, 85, 90]  35
[23, 36, 63, 90, 93]  35
[36, 63, 85, 86, 93]  39
[23, 36, 63, 85, 86]  39
[23, 36, 63, 86, 93]  37
[23, 36, 63, 85, 93]  37
[24, 36, 66, 85, 86]  32
[36, 59, 85, 86, 90]  45
[36, 59, 86, 90, 93]  37
[23, 36, 59, 86, 90]  35
[36, 59, 85, 90, 93]  39
[23, 36, 59, 85, 90]  35
[23, 36, 59, 90, 93]  35
[36, 59, 85, 86, 93]  39
[36, 59, 67, 85, 86]  31
[36, 59, 76, 85, 86]  31
[23, 36, 59, 85, 86]  39
[23, 36, 59, 86, 93]  37
[23, 36, 59, 85, 93]  37
[36, 67, 85, 86, 90]  41
[36, 85, 86, 90, 93]  42
[36, 76, 85, 86, 90]  37
[10, 36, 85, 86, 90]  36
[23, 36, 85, 86, 90]  40
[24, 36, 85, 86, 90]  39
[29, 36, 85, 86, 90]  33
[23, 36, 86, 90, 93]  40
[23, 36, 85, 90, 93]  40
[67, 85, 86, 90, 93]  30
[36, 67, 85, 86, 93]  30
[67, 76, 85, 86, 90]  40
[53, 67, 85, 86, 90]  38
[63, 67, 85, 86, 90]  32
[59, 67, 85, 86, 90]  37
[59, 67, 76, 85, 90]  30
[59, 67, 76, 86, 90]  30
[23, 36, 85, 86, 93]  42
[36, 67, 76, 85, 86]  31
[59, 67, 76, 85, 86]  33
[53, 76, 85, 86, 90]  34
[63, 76, 85, 86, 90]  31
[59, 76, 85, 86, 90]  35
[59, 63, 76, 85, 86]  30
[53, 85, 86, 90, 116]  30
[53, 85, 86, 90, 93]  31
[53, 56, 85, 90, 93]  31
[23, 53, 85, 90, 93]  31
[53, 56, 86, 90, 93]  31
[23, 53, 86, 90, 93]  31
[23, 53, 56, 90, 93]  31
[53, 56, 85, 86, 93]  31
[23, 53, 85, 86, 93]  31
[23, 53, 56, 85, 93]  31
[23, 53, 56, 86, 93]  31
[53, 56, 85, 86, 90]  31
[23, 53, 85, 86, 90]  31
[53, 59, 85, 86, 90]  39
[53, 63, 85, 86, 90]  36
[28, 53, 85, 86, 90]  32
[23, 53, 56, 85, 90]  31
[23, 53, 56, 86, 90]  31
[23, 53, 56, 85, 86]  31
[56, 85, 86, 90, 116]  36
[56, 85, 86, 90, 93]  34
[56, 63, 85, 90, 93]  31
[23, 56, 85, 90, 93]  31
[56, 63, 86, 90, 93]  31
[23, 56, 86, 90, 93]  31
[56, 63, 85, 86, 90]  31
[23, 56, 85, 86, 90]  31
[56, 63, 85, 86, 93]  33
[56, 59, 85, 86, 93]  31
[23, 56, 85, 86, 93]  33
[56, 59, 63, 85, 93]  31
[23, 56, 63, 85, 93]  30
[56, 59, 63, 86, 93]  31
[23, 56, 63, 86, 93]  30
[56, 59, 63, 85, 86]  31
[23, 56, 63, 85, 86]  30
[59, 85, 86, 90, 116]  30
[23, 85, 86, 90, 93]  41
[23, 63, 86, 90, 93]  36
[23, 59, 86, 90, 93]  36
[63, 85, 86, 90, 93]  39
[59, 85, 86, 90, 93]  39
[59, 63, 86, 90, 93]  37
[23, 63, 85, 86, 90]  36
[23, 59, 85, 86, 90]  36
[23, 59, 63, 86, 90]  34
[28, 59, 85, 86, 90]  30
[59, 63, 85, 86, 90]  40
[23, 63, 85, 86, 93]  38
[23, 59, 85, 86, 93]  38
[23, 59, 63, 86, 93]  36
[59, 63, 85, 86, 93]  40
[23, 59, 63, 85, 86]  38
[23, 59, 85, 90, 93]  36
[23, 63, 85, 90, 93]  36
[23, 59, 63, 90, 93]  34
[23, 59, 63, 85, 93]  36
[23, 59, 63, 85, 90]  34
[59, 63, 85, 90, 93]  39
[28, 59, 63, 85, 86]  30
[34, 36, 39, 56, 90, 116]  32
[34, 36, 39, 56, 86, 116]  32
[34, 36, 39, 56, 85, 116]  32
[34, 36, 39, 86, 90, 116]  32
[34, 36, 39, 85, 90, 116]  32
[34, 36, 39, 85, 86, 116]  32
[36, 39, 56, 86, 90, 116]  32
[36, 39, 56, 85, 90, 116]  32
[36, 39, 56, 85, 86, 116]  32
[36, 39, 85, 86, 90, 116]  32
[34, 36, 56, 86, 90, 116]  34
[34, 36, 56, 85, 90, 116]  34
[34, 36, 56, 85, 86, 116]  34
[34, 36, 85, 86, 90, 116]  41
[36, 56, 85, 86, 90, 116]  34
[3, 34, 36, 39, 56, 86]  30
[3, 34, 36, 39, 56, 85]  30
[3, 34, 36, 39, 86, 90]  33
[3, 34, 36, 39, 85, 90]  33
[3, 34, 36, 39, 85, 86]  34
[3, 34, 39, 56, 85, 86]  30
[3, 34, 39, 85, 86, 90]  37
[3, 36, 39, 56, 85, 86]  30
[3, 36, 39, 85, 86, 90]  33
[3, 34, 36, 63, 85, 86]  30
[3, 34, 36, 59, 86, 90]  30
[3, 34, 36, 59, 85, 90]  30
[3, 34, 36, 59, 85, 86]  31
[3, 34, 36, 56, 86, 90]  31
[3, 34, 36, 56, 85, 90]  31
[3, 34, 36, 56, 85, 86]  32
[3, 34, 36, 85, 86, 93]  30
[3, 34, 36, 85, 86, 90]  46
[3, 34, 63, 85, 86, 90]  32
[3, 34, 59, 85, 86, 90]  33
[3, 34, 56, 85, 86, 90]  33
[3, 34, 53, 85, 86, 90]  32
[3, 34, 67, 85, 86, 90]  32
[3, 34, 85, 86, 90, 93]  30
[3, 36, 59, 85, 86, 90]  30
[3, 36, 56, 85, 86, 90]  31
[2, 23, 85, 86, 90, 93]  30
[2, 34, 85, 86, 90, 93]  30
[2, 59, 85, 86, 90, 93]  30
[2, 23, 34, 86, 90, 93]  30
[2, 23, 59, 86, 90, 93]  30
[2, 34, 59, 86, 90, 93]  30
[2, 36, 39, 85, 90, 93]  31
[2, 39, 59, 85, 90, 93]  31
[2, 23, 34, 85, 90, 93]  30
[2, 23, 59, 85, 90, 93]  30
[2, 36, 59, 85, 90, 93]  31
[2, 34, 59, 85, 90, 93]  30
[2, 59, 63, 85, 90, 93]  30
[2, 36, 39, 59, 90, 93]  31
[2, 23, 34, 59, 90, 93]  30
[2, 23, 39, 85, 86, 93]  31
[2, 36, 39, 85, 86, 93]  31
[2, 34, 39, 85, 86, 93]  33
[2, 39, 59, 85, 86, 93]  32
[2, 39, 63, 85, 86, 93]  31
[2, 23, 36, 85, 86, 93]  31
[2, 23, 34, 85, 86, 93]  32
[2, 23, 59, 85, 86, 93]  32
[2, 23, 63, 85, 86, 93]  30
[2, 34, 36, 85, 86, 93]  31
[2, 36, 59, 85, 86, 93]  31
[2, 34, 59, 85, 86, 93]  33
[2, 34, 63, 85, 86, 93]  32
[2, 59, 63, 85, 86, 93]  31
[2, 23, 36, 39, 86, 93]  31
[2, 23, 34, 39, 86, 93]  31
[2, 23, 39, 59, 86, 93]  31
[2, 34, 36, 39, 86, 93]  31
[2, 36, 39, 59, 86, 93]  31
[2, 34, 39, 59, 86, 93]  32
[2, 34, 39, 63, 86, 93]  31
[2, 39, 59, 63, 86, 93]  30
[2, 23, 34, 36, 86, 93]  31
[2, 23, 36, 59, 86, 93]  31
[2, 23, 34, 59, 86, 93]  32
[2, 23, 34, 63, 86, 93]  30
[2, 23, 59, 63, 86, 93]  30
[2, 34, 36, 59, 86, 93]  31
[2, 34, 59, 63, 86, 93]  31
[2, 23, 36, 39, 85, 93]  31
[2, 23, 34, 39, 85, 93]  31
[2, 23, 39, 59, 85, 93]  31
[2, 34, 36, 39, 85, 93]  31
[2, 36, 39, 59, 85, 93]  33
[2, 36, 39, 63, 85, 93]  31
[2, 34, 39, 59, 85, 93]  32
[2, 34, 39, 63, 85, 93]  31
[2, 39, 59, 63, 85, 93]  32
[2, 23, 34, 36, 85, 93]  31
[2, 23, 36, 59, 85, 93]  31
[2, 23, 34, 59, 85, 93]  32
[2, 23, 34, 63, 85, 93]  30
[2, 23, 59, 63, 85, 93]  30
[2, 34, 36, 59, 85, 93]  31
[2, 36, 59, 63, 85, 93]  31
[2, 34, 59, 63, 85, 93]  31
[2, 23, 34, 36, 39, 93]  31
[2, 23, 36, 39, 59, 93]  31
[2, 23, 34, 39, 59, 93]  31
[2, 34, 36, 39, 59, 93]  31
[2, 36, 39, 59, 63, 93]  31
[2, 34, 39, 59, 63, 93]  30
[2, 23, 34, 36, 59, 93]  31
[2, 23, 34, 59, 63, 93]  30
[34, 36, 85, 86, 90, 110]  33
[2, 28, 39, 85, 86, 90]  32
[2, 34, 39, 85, 86, 90]  38
[2, 39, 59, 85, 86, 90]  35
[2, 39, 63, 85, 86, 90]  31
[2, 39, 53, 85, 86, 90]  32
[2, 28, 34, 85, 86, 90]  34
[2, 28, 59, 85, 86, 90]  30
[2, 28, 53, 85, 86, 90]  32
[2, 23, 34, 85, 86, 90]  30
[2, 23, 59, 85, 86, 90]  30
[2, 34, 36, 85, 86, 90]  30
[2, 36, 59, 85, 86, 90]  30
[2, 34, 59, 85, 86, 90]  37
[2, 34, 63, 85, 86, 90]  32
[2, 34, 53, 85, 86, 90]  33
[2, 59, 63, 85, 86, 90]  30
[2, 53, 59, 85, 86, 90]  30
[2, 28, 34, 39, 86, 90]  32
[2, 28, 39, 53, 86, 90]  32
[2, 34, 39, 59, 86, 90]  35
[2, 34, 39, 63, 86, 90]  31
[2, 34, 39, 53, 86, 90]  32
[2, 28, 34, 59, 86, 90]  30
[2, 28, 34, 53, 86, 90]  32
[2, 23, 34, 59, 86, 90]  30
[2, 34, 36, 59, 86, 90]  30
[2, 34, 59, 63, 86, 90]  30
[2, 34, 53, 59, 86, 90]  30
[2, 28, 34, 39, 85, 90]  32
[2, 28, 39, 59, 85, 90]  31
[2, 28, 39, 53, 85, 90]  32
[2, 36, 39, 59, 85, 90]  31
[2, 34, 39, 59, 85, 90]  35
[2, 34, 39, 63, 85, 90]  31
[2, 34, 39, 53, 85, 90]  32
[2, 39, 59, 63, 85, 90]  31
[2, 28, 34, 59, 85, 90]  30
[2, 28, 34, 53, 85, 90]  32
[2, 23, 34, 59, 85, 90]  30
[2, 34, 36, 59, 85, 90]  30
[2, 34, 59, 63, 85, 90]  30
[2, 34, 53, 59, 85, 90]  30
[2, 28, 34, 39, 53, 90]  32
[34, 36, 39, 56, 86, 111]  31
[34, 36, 39, 56, 85, 111]  31
[34, 36, 39, 86, 90, 111]  30
[34, 36, 39, 85, 90, 111]  30
[34, 36, 39, 85, 86, 111]  32
[36, 39, 56, 85, 86, 111]  31
[36, 39, 85, 86, 90, 111]  30
[34, 36, 56, 85, 86, 111]  31
[34, 36, 85, 86, 90, 111]  31
[2, 28, 34, 39, 85, 86]  38
[2, 28, 39, 59, 85, 86]  34
[2, 28, 39, 63, 85, 86]  33
[2, 28, 39, 53, 85, 86]  32
[2, 23, 36, 39, 85, 86]  33
[2, 23, 34, 39, 85, 86]  33
[2, 23, 39, 59, 85, 86]  33
[2, 23, 39, 63, 85, 86]  31
[2, 34, 36, 39, 85, 86]  33
[2, 36, 39, 59, 85, 86]  33
[2, 36, 39, 63, 85, 86]  31
[2, 34, 39, 59, 85, 86]  40
[2, 34, 39, 63, 85, 86]  37
[2, 34, 39, 53, 85, 86]  32
[2, 39, 59, 63, 85, 86]  34
[2, 28, 34, 59, 85, 86]  35
[2, 28, 34, 63, 85, 86]  33
[2, 28, 34, 53, 85, 86]  32
[2, 28, 59, 63, 85, 86]  30
[2, 23, 34, 36, 85, 86]  33
[2, 23, 36, 59, 85, 86]  33
[2, 23, 36, 63, 85, 86]  31
[2, 23, 34, 59, 85, 86]  34
[2, 23, 34, 63, 85, 86]  32
[2, 23, 59, 63, 85, 86]  32
[2, 34, 36, 59, 85, 86]  34
[2, 34, 36, 63, 85, 86]  31
[2, 36, 59, 63, 85, 86]  31
[2, 34, 59, 63, 85, 86]  35
[2, 34, 53, 59, 85, 86]  30
[2, 28, 34, 39, 59, 86]  34
[2, 28, 34, 39, 63, 86]  33
[2, 28, 34, 39, 53, 86]  32
[2, 28, 39, 59, 63, 86]  30
[2, 23, 34, 36, 39, 86]  33
[2, 23, 36, 39, 59, 86]  33
[2, 23, 36, 39, 63, 86]  31
[2, 23, 34, 39, 59, 86]  33
[2, 23, 34, 39, 63, 86]  31
[2, 23, 39, 59, 63, 86]  31
[2, 34, 36, 39, 59, 86]  33
[2, 34, 36, 39, 63, 86]  31
[2, 36, 39, 59, 63, 86]  31
[2, 34, 39, 59, 63, 86]  34
[2, 28, 34, 59, 63, 86]  30
[2, 23, 34, 36, 59, 86]  33
[2, 23, 34, 36, 63, 86]  31
[2, 23, 36, 59, 63, 86]  31
[2, 23, 34, 59, 63, 86]  32
[2, 34, 36, 59, 63, 86]  31
[2, 28, 34, 39, 59, 85]  34
[2, 28, 34, 39, 63, 85]  33
[2, 28, 34, 39, 53, 85]  32
[2, 28, 39, 59, 63, 85]  32
[2, 28, 34, 59, 63, 85]  30
[2, 23, 34, 36, 39, 85]  33
[2, 23, 36, 39, 59, 85]  33
[2, 23, 36, 39, 63, 85]  31
[2, 23, 34, 39, 59, 85]  33
[2, 23, 34, 39, 63, 85]  31
[2, 23, 39, 59, 63, 85]  31
[2, 34, 36, 39, 59, 85]  33
[2, 34, 36, 39, 63, 85]  31
[2, 36, 39, 59, 63, 85]  33
[2, 34, 39, 59, 63, 85]  34
[2, 23, 34, 36, 59, 85]  33
[2, 23, 34, 36, 63, 85]  31
[2, 23, 36, 59, 63, 85]  31
[2, 23, 34, 59, 63, 85]  32
[2, 34, 36, 59, 63, 85]  31
[39, 59, 63, 85, 90, 93]  31
[36, 39, 59, 63, 90, 93]  31
[39, 59, 63, 85, 86, 90]  31
[34, 39, 59, 63, 86, 90]  31
[34, 39, 59, 63, 85, 90]  31
[36, 39, 59, 63, 85, 90]  31
[39, 59, 63, 85, 86, 93]  32
[34, 39, 59, 63, 86, 93]  32
[36, 39, 59, 63, 86, 93]  31
[23, 39, 59, 63, 86, 93]  31
[34, 39, 59, 63, 85, 93]  32
[36, 39, 59, 63, 85, 93]  33
[23, 39, 59, 63, 85, 93]  31
[34, 36, 39, 59, 63, 93]  31
[23, 34, 39, 59, 63, 93]  31
[23, 36, 39, 59, 63, 93]  31
[34, 39, 59, 63, 85, 86]  36
[36, 39, 59, 63, 85, 86]  33
[23, 39, 59, 63, 85, 86]  33
[28, 39, 59, 63, 85, 86]  30
[34, 36, 39, 59, 63, 86]  33
[23, 34, 39, 59, 63, 86]  33
[28, 34, 39, 59, 63, 86]  30
[23, 36, 39, 59, 63, 86]  33
[34, 36, 39, 59, 63, 85]  33
[23, 34, 39, 59, 63, 85]  33
[28, 34, 39, 59, 63, 85]  30
[23, 36, 39, 59, 63, 85]  33
[2, 34, 36, 39, 59, 63]  31
[2, 23, 34, 39, 59, 63]  31
[2, 28, 34, 39, 59, 63]  30
[2, 23, 36, 39, 59, 63]  31
[23, 34, 36, 39, 59, 63]  33
[39, 53, 63, 85, 86, 90]  31
[34, 39, 53, 63, 86, 90]  31
[34, 39, 53, 63, 85, 90]  31
[34, 39, 53, 63, 85, 86]  31
[39, 63, 85, 86, 90, 93]  31
[34, 39, 63, 86, 90, 93]  31
[36, 39, 63, 86, 90, 93]  31
[23, 39, 63, 86, 90, 93]  31
[34, 39, 63, 85, 90, 93]  31
[36, 39, 63, 85, 90, 93]  33
[23, 39, 63, 85, 90, 93]  31
[34, 36, 39, 63, 90, 93]  31
[23, 34, 39, 63, 90, 93]  31
[23, 36, 39, 63, 90, 93]  31
[34, 39, 63, 85, 86, 90]  35
[36, 39, 63, 85, 86, 90]  31
[23, 39, 63, 85, 86, 90]  31
[34, 36, 39, 63, 86, 90]  31
[23, 34, 39, 63, 86, 90]  31
[23, 36, 39, 63, 86, 90]  31
[34, 36, 39, 63, 85, 90]  31
[23, 34, 39, 63, 85, 90]  31
[23, 36, 39, 63, 85, 90]  31
[23, 34, 36, 39, 63, 90]  31
[34, 39, 63, 85, 86, 93]  35
[36, 39, 63, 85, 86, 93]  33
[23, 39, 63, 85, 86, 93]  33
[34, 36, 39, 63, 86, 93]  33
[23, 34, 39, 63, 86, 93]  33
[23, 36, 39, 63, 86, 93]  33
[34, 36, 39, 63, 85, 93]  33
[23, 34, 39, 63, 85, 93]  33
[23, 36, 39, 63, 85, 93]  33
[23, 34, 36, 39, 63, 93]  33
[34, 36, 39, 63, 85, 86]  35
[23, 34, 39, 63, 85, 86]  35
[28, 34, 39, 63, 85, 86]  33
[23, 36, 39, 63, 85, 86]  35
[23, 34, 36, 39, 63, 86]  35
[23, 34, 36, 39, 63, 85]  35
[2, 23, 34, 36, 39, 63]  31
[34, 39, 67, 85, 86, 90]  31
[39, 53, 56, 86, 90, 93]  30
[39, 53, 56, 85, 90, 93]  30
[34, 39, 53, 56, 90, 93]  30
[36, 39, 53, 56, 90, 93]  30
[23, 39, 53, 56, 90, 93]  30
[39, 53, 56, 85, 86, 90]  30
[34, 39, 53, 56, 86, 90]  30
[36, 39, 53, 56, 86, 90]  30
[23, 39, 53, 56, 86, 90]  30
[34, 39, 53, 56, 85, 90]  30
[36, 39, 53, 56, 85, 90]  30
[23, 39, 53, 56, 85, 90]  30
[34, 36, 39, 53, 56, 90]  30
[23, 34, 39, 53, 56, 90]  30
[23, 36, 39, 53, 56, 90]  30
[39, 53, 56, 85, 86, 93]  30
[34, 39, 53, 56, 86, 93]  30
[36, 39, 53, 56, 86, 93]  30
[23, 39, 53, 56, 86, 93]  30
[34, 39, 53, 56, 85, 93]  30
[36, 39, 53, 56, 85, 93]  30
[23, 39, 53, 56, 85, 93]  30
[34, 36, 39, 53, 56, 93]  30
[23, 34, 39, 53, 56, 93]  30
[23, 36, 39, 53, 56, 93]  30
[34, 39, 53, 56, 85, 86]  30
[36, 39, 53, 56, 85, 86]  30
[23, 39, 53, 56, 85, 86]  30
[34, 36, 39, 53, 56, 86]  30
[23, 34, 39, 53, 56, 86]  30
[23, 36, 39, 53, 56, 86]  30
[34, 36, 39, 53, 56, 85]  30
[23, 34, 39, 53, 56, 85]  30
[23, 36, 39, 53, 56, 85]  30
[23, 34, 36, 39, 53, 56]  30
[39, 56, 85, 86, 90, 93]  30
[34, 39, 56, 86, 90, 93]  30
[36, 39, 56, 86, 90, 93]  30
[23, 39, 56, 86, 90, 93]  30
[34, 39, 56, 85, 90, 93]  30
[36, 39, 56, 85, 90, 93]  30
[23, 39, 56, 85, 90, 93]  30
[34, 36, 39, 56, 90, 93]  30
[23, 34, 39, 56, 90, 93]  30
[23, 36, 39, 56, 90, 93]  30
[39, 56, 85, 86, 90, 116]  32
[34, 39, 56, 85, 86, 90]  49
[36, 39, 56, 85, 86, 90]  49
[23, 39, 56, 85, 86, 90]  30
[34, 39, 56, 86, 90, 116]  32
[34, 36, 39, 56, 86, 90]  49
[23, 34, 39, 56, 86, 90]  30
[23, 36, 39, 56, 86, 90]  30
[34, 39, 56, 85, 90, 116]  32
[34, 36, 39, 56, 85, 90]  49
[23, 34, 39, 56, 85, 90]  30
[23, 36, 39, 56, 85, 90]  30
[23, 34, 36, 39, 56, 90]  30
[34, 39, 56, 85, 86, 93]  32
[36, 39, 56, 85, 86, 93]  32
[23, 39, 56, 85, 86, 93]  32
[34, 36, 39, 56, 86, 93]  32
[23, 34, 39, 56, 86, 93]  32
[23, 36, 39, 56, 86, 93]  32
[34, 36, 39, 56, 85, 93]  32
[23, 34, 39, 56, 85, 93]  32
[23, 36, 39, 56, 85, 93]  32
[23, 34, 36, 39, 56, 93]  32
[34, 39, 56, 85, 86, 116]  32
[34, 39, 56, 85, 86, 111]  31
[34, 36, 39, 56, 85, 86]  51
[23, 34, 39, 56, 85, 86]  32
[23, 36, 39, 56, 85, 86]  32
[23, 34, 36, 39, 56, 86]  32
[23, 34, 36, 39, 56, 85]  32
[39, 53, 59, 85, 86, 90]  31
[34, 39, 53, 59, 86, 90]  31
[34, 39, 53, 59, 85, 90]  31
[34, 39, 53, 59, 85, 86]  31
[39, 59, 85, 86, 90, 93]  31
[34, 39, 59, 86, 90, 93]  31
[36, 39, 59, 86, 90, 93]  31
[23, 39, 59, 86, 90, 93]  31
[34, 39, 59, 85, 90, 93]  31
[36, 39, 59, 85, 90, 93]  33
[23, 39, 59, 85, 90, 93]  31
[34, 36, 39, 59, 90, 93]  31
[23, 34, 39, 59, 90, 93]  31
[23, 36, 39, 59, 90, 93]  31
[34, 39, 59, 85, 86, 90]  37
[36, 39, 59, 85, 86, 90]  31
[23, 39, 59, 85, 86, 90]  31
[34, 36, 39, 59, 86, 90]  31
[23, 34, 39, 59, 86, 90]  31
[23, 36, 39, 59, 86, 90]  31
[34, 36, 39, 59, 85, 90]  31
[23, 34, 39, 59, 85, 90]  31
[23, 36, 39, 59, 85, 90]  31
[23, 34, 36, 39, 59, 90]  31
[34, 39, 59, 85, 86, 93]  34
[36, 39, 59, 85, 86, 93]  33
[23, 39, 59, 85, 86, 93]  33
[34, 36, 39, 59, 86, 93]  33
[23, 34, 39, 59, 86, 93]  33
[23, 36, 39, 59, 86, 93]  33
[34, 36, 39, 59, 85, 93]  33
[23, 34, 39, 59, 85, 93]  33
[23, 36, 39, 59, 85, 93]  33
[23, 34, 36, 39, 59, 93]  33
[34, 36, 39, 59, 85, 86]  35
[23, 34, 39, 59, 85, 86]  35
[28, 34, 39, 59, 85, 86]  34
[23, 36, 39, 59, 85, 86]  35
[23, 34, 36, 39, 59, 86]  35
[23, 34, 36, 39, 59, 85]  35
[2, 23, 34, 36, 39, 59]  33
[39, 53, 85, 86, 90, 93]  30
[34, 39, 53, 86, 90, 93]  30
[36, 39, 53, 86, 90, 93]  30
[23, 39, 53, 86, 90, 93]  30
[34, 39, 53, 85, 90, 93]  30
[36, 39, 53, 85, 90, 93]  30
[23, 39, 53, 85, 90, 93]  30
[34, 36, 39, 53, 90, 93]  30
[23, 34, 39, 53, 90, 93]  30
[23, 36, 39, 53, 90, 93]  30
[34, 39, 53, 85, 86, 90]  39
[36, 39, 53, 85, 86, 90]  30
[23, 39, 53, 85, 86, 90]  30
[28, 39, 53, 85, 86, 90]  32
[34, 36, 39, 53, 86, 90]  30
[23, 34, 39, 53, 86, 90]  30
[28, 34, 39, 53, 86, 90]  32
[23, 36, 39, 53, 86, 90]  30
[34, 36, 39, 53, 85, 90]  30
[23, 34, 39, 53, 85, 90]  30
[28, 34, 39, 53, 85, 90]  32
[23, 36, 39, 53, 85, 90]  30
[23, 34, 36, 39, 53, 90]  30
[34, 39, 53, 85, 86, 93]  30
[36, 39, 53, 85, 86, 93]  30
[23, 39, 53, 85, 86, 93]  30
[34, 36, 39, 53, 86, 93]  30
[23, 34, 39, 53, 86, 93]  30
[23, 36, 39, 53, 86, 93]  30
[34, 36, 39, 53, 85, 93]  30
[23, 34, 39, 53, 85, 93]  30
[23, 36, 39, 53, 85, 93]  30
[23, 34, 36, 39, 53, 93]  30
[34, 36, 39, 53, 85, 86]  30
[23, 34, 39, 53, 85, 86]  30
[28, 34, 39, 53, 85, 86]  32
[23, 36, 39, 53, 85, 86]  30
[23, 34, 36, 39, 53, 86]  30
[23, 34, 36, 39, 53, 85]  30
[34, 39, 85, 86, 90, 93]  36
[36, 39, 85, 86, 90, 93]  36
[23, 39, 85, 86, 90, 93]  36
[34, 36, 39, 86, 90, 93]  36
[23, 34, 39, 86, 90, 93]  36
[23, 36, 39, 86, 90, 93]  36
[34, 36, 39, 85, 90, 93]  36
[23, 34, 39, 85, 90, 93]  36
[23, 36, 39, 85, 90, 93]  36
[23, 34, 36, 39, 90, 93]  36
[34, 39, 76, 85, 86, 90]  30
[34, 39, 85, 86, 90, 116]  32
[34, 39, 85, 86, 90, 111]  30
[34, 36, 39, 85, 86, 90]  55
[23, 34, 39, 85, 86, 90]  36
[28, 34, 39, 85, 86, 90]  32
[23, 36, 39, 85, 86, 90]  36
[23, 34, 36, 39, 86, 90]  36
[23, 34, 36, 39, 85, 90]  36
[1, 34, 36, 66, 86, 90]  32
[1, 34, 36, 66, 85, 90]  32
[1, 24, 34, 36, 66, 90]  32
[1, 34, 36, 66, 85, 86]  32
[1, 24, 34, 36, 66, 86]  32
[1, 24, 34, 36, 66, 85]  32
[1, 34, 36, 85, 86, 90]  49
[1, 24, 34, 36, 86, 90]  38
[1, 29, 34, 36, 86, 90]  33
[1, 24, 34, 36, 85, 90]  38
[1, 29, 34, 36, 85, 90]  33
[1, 24, 34, 36, 85, 86]  38
[1, 29, 34, 36, 85, 86]  33
[1, 34, 66, 85, 86, 90]  32
[1, 24, 34, 66, 86, 90]  32
[1, 24, 34, 66, 85, 90]  32
[1, 24, 34, 66, 85, 86]  32
[1, 24, 34, 85, 86, 90]  39
[1, 29, 34, 85, 86, 90]  33
[34, 36, 39, 85, 86, 93]  38
[23, 34, 39, 85, 86, 93]  38
[23, 36, 39, 85, 86, 93]  38
[23, 34, 36, 39, 86, 93]  38
[23, 34, 36, 39, 85, 93]  38
[23, 34, 36, 39, 85, 86]  40
[1, 36, 66, 85, 86, 90]  32
[1, 24, 36, 66, 86, 90]  32
[1, 24, 36, 66, 85, 90]  32
[1, 24, 36, 66, 85, 86]  32
[1, 24, 36, 85, 86, 90]  38
[1, 29, 36, 85, 86, 90]  33
[2, 23, 34, 36, 59, 63]  31
[1, 24, 66, 85, 86, 90]  32
[34, 36, 52, 85, 86, 90]  32
[34, 36, 53, 56, 85, 86]  30
[34, 36, 53, 56, 86, 90]  30
[34, 36, 53, 56, 86, 93]  30
[23, 34, 36, 53, 56, 86]  30
[34, 36, 53, 56, 85, 90]  30
[34, 36, 53, 56, 85, 93]  30
[23, 34, 36, 53, 56, 85]  30
[34, 36, 53, 56, 90, 93]  30
[23, 34, 36, 53, 56, 90]  30
[23, 34, 36, 53, 56, 93]  30
[34, 53, 56, 85, 86, 90]  31
[34, 53, 56, 85, 86, 93]  31
[23, 34, 53, 56, 85, 86]  31
[34, 53, 56, 86, 90, 93]  31
[23, 34, 53, 56, 86, 90]  31
[23, 34, 53, 56, 86, 93]  31
[34, 53, 56, 85, 90, 93]  31
[23, 34, 53, 56, 85, 90]  31
[23, 34, 53, 56, 85, 93]  31
[23, 34, 53, 56, 90, 93]  31
[34, 36, 53, 59, 85, 86]  32
[34, 36, 53, 59, 86, 90]  32
[34, 36, 53, 59, 85, 90]  32
[34, 53, 59, 85, 86, 90]  39
[34, 36, 53, 63, 85, 86]  31
[34, 36, 53, 63, 86, 90]  31
[34, 36, 53, 63, 85, 90]  31
[34, 53, 63, 85, 86, 90]  36
[34, 36, 53, 85, 86, 90]  47
[34, 36, 53, 85, 86, 93]  30
[23, 34, 36, 53, 85, 86]  30
[34, 36, 53, 86, 90, 93]  30
[23, 34, 36, 53, 86, 90]  30
[23, 34, 36, 53, 86, 93]  30
[34, 36, 53, 85, 90, 93]  30
[23, 34, 36, 53, 85, 90]  30
[23, 34, 36, 53, 85, 93]  30
[23, 34, 36, 53, 90, 93]  30
[34, 53, 85, 86, 90, 93]  31
[34, 53, 67, 85, 86, 90]  38
[34, 53, 76, 85, 86, 90]  34
[34, 53, 85, 86, 90, 116]  30
[23, 34, 53, 85, 86, 90]  31
[28, 34, 53, 85, 86, 90]  32
[23, 34, 53, 85, 86, 93]  31
[23, 34, 53, 86, 90, 93]  31
[23, 34, 53, 85, 90, 93]  31
[34, 56, 59, 63, 85, 86]  31
[34, 56, 59, 63, 86, 93]  31
[34, 56, 59, 63, 85, 93]  31
[34, 56, 59, 85, 86, 93]  31
[34, 36, 56, 63, 85, 86]  31
[34, 36, 56, 63, 86, 93]  31
[34, 36, 56, 63, 85, 93]  31
[34, 56, 63, 85, 86, 90]  31
[34, 56, 63, 85, 86, 93]  33
[23, 34, 56, 63, 85, 86]  30
[34, 56, 63, 86, 90, 93]  31
[23, 34, 56, 63, 86, 93]  30
[34, 56, 63, 85, 90, 93]  31
[23, 34, 56, 63, 85, 93]  30
[34, 36, 56, 85, 86, 90]  51
[34, 36, 56, 85, 86, 93]  34
[23, 34, 36, 56, 85, 86]  32
[34, 36, 56, 86, 90, 93]  32
[23, 34, 36, 56, 86, 90]  30
[23, 34, 36, 56, 86, 93]  32
[34, 36, 56, 85, 90, 93]  32
[23, 34, 36, 56, 85, 90]  30
[23, 34, 36, 56, 85, 93]  32
[23, 34, 36, 56, 90, 93]  30
[34, 56, 85, 86, 90, 93]  34
[34, 56, 85, 86, 90, 116]  36
[23, 34, 56, 85, 86, 90]  31
[23, 34, 56, 85, 86, 93]  33
[23, 34, 56, 86, 90, 93]  31
[23, 34, 56, 85, 90, 93]  31
[34, 36, 59, 63, 85, 86]  40
[34, 36, 59, 63, 86, 90]  36
[34, 36, 59, 63, 86, 93]  37
[23, 34, 36, 59, 63, 86]  37
[34, 36, 59, 63, 85, 90]  36
[34, 36, 59, 63, 85, 93]  37
[23, 34, 36, 59, 63, 85]  37
[34, 36, 59, 63, 90, 93]  35
[23, 34, 36, 59, 63, 90]  33
[23, 34, 36, 59, 63, 93]  35
[34, 59, 63, 85, 86, 90]  40
[34, 59, 63, 85, 86, 93]  40
[34, 59, 63, 76, 85, 86]  30
[23, 34, 59, 63, 85, 86]  38
[28, 34, 59, 63, 85, 86]  30
[34, 59, 63, 86, 90, 93]  37
[23, 34, 59, 63, 86, 90]  34
[23, 34, 59, 63, 86, 93]  36
[34, 59, 63, 85, 90, 93]  37
[23, 34, 59, 63, 85, 90]  34
[23, 34, 59, 63, 85, 93]  36
[23, 34, 59, 63, 90, 93]  34
[34, 36, 59, 85, 86, 90]  45
[34, 36, 59, 85, 86, 93]  39
[34, 36, 59, 67, 85, 86]  31
[34, 36, 59, 76, 85, 86]  31
[23, 34, 36, 59, 85, 86]  39
[34, 36, 59, 86, 90, 93]  37
[23, 34, 36, 59, 86, 90]  35
[23, 34, 36, 59, 86, 93]  37
[34, 36, 59, 85, 90, 93]  37
[23, 34, 36, 59, 85, 90]  35
[23, 34, 36, 59, 85, 93]  37
[23, 34, 36, 59, 90, 93]  35
[34, 59, 85, 86, 90, 93]  39
[34, 59, 67, 85, 86, 90]  37
[34, 59, 76, 85, 86, 90]  35
[34, 59, 85, 86, 90, 116]  30
[23, 34, 59, 85, 86, 90]  36
[28, 34, 59, 85, 86, 90]  30
[23, 34, 59, 85, 86, 93]  38
[34, 59, 67, 76, 85, 86]  33
[23, 34, 59, 86, 90, 93]  36
[34, 59, 67, 76, 86, 90]  30
[23, 34, 59, 85, 90, 93]  36
[34, 59, 67, 76, 85, 90]  30
[34, 36, 63, 85, 86, 90]  41
[34, 36, 63, 85, 86, 93]  39
[23, 34, 36, 63, 85, 86]  39
[34, 36, 63, 86, 90, 93]  37
[23, 34, 36, 63, 86, 90]  35
[23, 34, 36, 63, 86, 93]  37
[34, 36, 63, 85, 90, 93]  37
[23, 34, 36, 63, 85, 90]  35
[23, 34, 36, 63, 85, 93]  37
[23, 34, 36, 63, 90, 93]  35
[34, 63, 85, 86, 90, 93]  39
[34, 63, 67, 85, 86, 90]  32
[34, 63, 76, 85, 86, 90]  31
[23, 34, 63, 85, 86, 90]  36
[23, 34, 63, 85, 86, 93]  38
[23, 34, 63, 86, 90, 93]  36
[23, 34, 63, 85, 90, 93]  36
[34, 36, 85, 86, 90, 93]  42
[34, 36, 67, 85, 86, 90]  41
[34, 36, 66, 85, 86, 90]  32
[34, 36, 76, 85, 86, 90]  37
[10, 34, 36, 85, 86, 90]  36
[24, 34, 36, 85, 86, 90]  39
[23, 34, 36, 85, 86, 90]  40
[29, 34, 36, 85, 86, 90]  33
[34, 36, 67, 85, 86, 93]  30
[23, 34, 36, 85, 86, 93]  42
[34, 36, 67, 76, 85, 86]  31
[24, 34, 36, 66, 85, 86]  32
[23, 34, 36, 86, 90, 93]  40
[24, 34, 36, 66, 86, 90]  32
[23, 34, 36, 85, 90, 93]  40
[24, 34, 36, 66, 85, 90]  32
[34, 67, 85, 86, 90, 93]  30
[23, 34, 85, 86, 90, 93]  41
[34, 67, 76, 85, 86, 90]  40
[24, 34, 66, 85, 86, 90]  32
[36, 53, 56, 85, 86, 90]  30
[36, 53, 56, 86, 90, 93]  30
[23, 36, 53, 56, 86, 90]  30
[36, 53, 56, 85, 90, 93]  30
[23, 36, 53, 56, 85, 90]  30
[23, 36, 53, 56, 90, 93]  30
[36, 53, 56, 85, 86, 93]  30
[23, 36, 53, 56, 85, 86]  30
[23, 36, 53, 56, 86, 93]  30
[23, 36, 53, 56, 85, 93]  30
[36, 56, 63, 85, 86, 93]  31
[36, 56, 85, 86, 90, 93]  32
[23, 36, 56, 85, 86, 90]  30
[23, 36, 56, 86, 90, 93]  30
[23, 36, 56, 85, 90, 93]  30
[23, 36, 56, 85, 86, 93]  32
[24, 36, 66, 85, 86, 90]  32
[36, 53, 63, 85, 86, 90]  31
[36, 53, 59, 85, 86, 90]  32
[36, 53, 85, 86, 90, 93]  30
[23, 36, 53, 85, 86, 90]  30
[23, 36, 53, 86, 90, 93]  30
[23, 36, 53, 85, 90, 93]  30
[23, 36, 53, 85, 86, 93]  30
[36, 59, 63, 85, 86, 90]  36
[36, 59, 63, 86, 90, 93]  35
[23, 36, 59, 63, 86, 90]  33
[36, 59, 63, 85, 90, 93]  37
[23, 36, 59, 63, 85, 90]  33
[23, 36, 59, 63, 90, 93]  33
[36, 59, 63, 85, 86, 93]  37
[23, 36, 59, 63, 85, 86]  37
[23, 36, 59, 63, 86, 93]  35
[23, 36, 59, 63, 85, 93]  35
[36, 63, 85, 86, 90, 93]  37
[23, 36, 63, 85, 86, 90]  35
[23, 36, 63, 86, 90, 93]  35
[23, 36, 63, 85, 90, 93]  35
[23, 36, 63, 85, 86, 93]  37
[36, 59, 85, 86, 90, 93]  37
[23, 36, 59, 85, 86, 90]  35
[23, 36, 59, 86, 90, 93]  35
[23, 36, 59, 85, 90, 93]  35
[23, 36, 59, 85, 86, 93]  37
[23, 36, 85, 86, 90, 93]  40
[59, 67, 76, 85, 86, 90]  30
[53, 56, 85, 86, 90, 93]  31
[23, 53, 85, 86, 90, 93]  31
[23, 53, 56, 85, 90, 93]  31
[23, 53, 56, 86, 90, 93]  31
[23, 53, 56, 85, 86, 93]  31
[23, 53, 56, 85, 86, 90]  31
[56, 63, 85, 86, 90, 93]  31
[23, 56, 85, 86, 90, 93]  31
[56, 59, 63, 85, 86, 93]  31
[23, 56, 63, 85, 86, 93]  30
[23, 63, 85, 86, 90, 93]  36
[23, 59, 85, 86, 90, 93]  36
[23, 59, 63, 86, 90, 93]  34
[59, 63, 85, 86, 90, 93]  37
[23, 59, 63, 85, 86, 90]  34
[23, 59, 63, 85, 86, 93]  36
[23, 59, 63, 85, 90, 93]  34
[34, 36, 39, 56, 86, 90, 116]  32
[34, 36, 39, 56, 85, 90, 116]  32
[34, 36, 39, 56, 85, 86, 116]  32
[34, 36, 39, 85, 86, 90, 116]  32
[36, 39, 56, 85, 86, 90, 116]  32
[34, 36, 56, 85, 86, 90, 116]  34
[3, 34, 36, 39, 56, 85, 86]  30
[3, 34, 36, 39, 85, 86, 90]  33
[3, 34, 36, 59, 85, 86, 90]  30
[3, 34, 36, 56, 85, 86, 90]  31
[2, 23, 34, 85, 86, 90, 93]  30
[2, 23, 59, 85, 86, 90, 93]  30
[2, 34, 59, 85, 86, 90, 93]  30
[2, 23, 34, 59, 86, 90, 93]  30
[2, 36, 39, 59, 85, 90, 93]  31
[2, 23, 34, 59, 85, 90, 93]  30
[2, 23, 36, 39, 85, 86, 93]  31
[2, 23, 34, 39, 85, 86, 93]  31
[2, 23, 39, 59, 85, 86, 93]  31
[2, 34, 36, 39, 85, 86, 93]  31
[2, 36, 39, 59, 85, 86, 93]  31
[2, 34, 39, 59, 85, 86, 93]  32
[2, 34, 39, 63, 85, 86, 93]  31
[2, 39, 59, 63, 85, 86, 93]  30
[2, 23, 34, 36, 85, 86, 93]  31
[2, 23, 36, 59, 85, 86, 93]  31
[2, 23, 34, 59, 85, 86, 93]  32
[2, 23, 34, 63, 85, 86, 93]  30
[2, 23, 59, 63, 85, 86, 93]  30
[2, 34, 36, 59, 85, 86, 93]  31
[2, 34, 59, 63, 85, 86, 93]  31
[2, 23, 34, 36, 39, 86, 93]  31
[2, 23, 36, 39, 59, 86, 93]  31
[2, 23, 34, 39, 59, 86, 93]  31
[2, 34, 36, 39, 59, 86, 93]  31
[2, 34, 39, 59, 63, 86, 93]  30
[2, 23, 34, 36, 59, 86, 93]  31
[2, 23, 34, 59, 63, 86, 93]  30
[2, 23, 34, 36, 39, 85, 93]  31
[2, 23, 36, 39, 59, 85, 93]  31
[2, 23, 34, 39, 59, 85, 93]  31
[2, 34, 36, 39, 59, 85, 93]  31
[2, 36, 39, 59, 63, 85, 93]  31
[2, 34, 39, 59, 63, 85, 93]  30
[2, 23, 34, 36, 59, 85, 93]  31
[2, 23, 34, 59, 63, 85, 93]  30
[2, 23, 34, 36, 39, 59, 93]  31
[2, 28, 34, 39, 85, 86, 90]  32
[2, 28, 39, 53, 85, 86, 90]  32
[2, 34, 39, 59, 85, 86, 90]  35
[2, 34, 39, 63, 85, 86, 90]  31
[2, 34, 39, 53, 85, 86, 90]  32
[2, 28, 34, 59, 85, 86, 90]  30
[2, 28, 34, 53, 85, 86, 90]  32
[2, 23, 34, 59, 85, 86, 90]  30
[2, 34, 36, 59, 85, 86, 90]  30
[2, 34, 59, 63, 85, 86, 90]  30
[2, 34, 53, 59, 85, 86, 90]  30
[2, 28, 34, 39, 53, 86, 90]  32
[2, 28, 34, 39, 53, 85, 90]  32
[34, 36, 39, 56, 85, 86, 111]  31
[34, 36, 39, 85, 86, 90, 111]  30
[2, 28, 34, 39, 59, 85, 86]  34
[2, 28, 34, 39, 63, 85, 86]  33
[2, 28, 34, 39, 53, 85, 86]  32
[2, 28, 39, 59, 63, 85, 86]  30
[2, 23, 34, 36, 39, 85, 86]  33
[2, 23, 36, 39, 59, 85, 86]  33
[2, 23, 36, 39, 63, 85, 86]  31
[2, 23, 34, 39, 59, 85, 86]  33
[2, 23, 34, 39, 63, 85, 86]  31
[2, 23, 39, 59, 63, 85, 86]  31
[2, 34, 36, 39, 59, 85, 86]  33
[2, 34, 36, 39, 63, 85, 86]  31
[2, 36, 39, 59, 63, 85, 86]  31
[2, 34, 39, 59, 63, 85, 86]  34
[2, 28, 34, 59, 63, 85, 86]  30
[2, 23, 34, 36, 59, 85, 86]  33
[2, 23, 34, 36, 63, 85, 86]  31
[2, 23, 36, 59, 63, 85, 86]  31
[2, 23, 34, 59, 63, 85, 86]  32
[2, 34, 36, 59, 63, 85, 86]  31
[2, 28, 34, 39, 59, 63, 86]  30
[2, 23, 34, 36, 39, 59, 86]  33
[2, 23, 34, 36, 39, 63, 86]  31
[2, 23, 36, 39, 59, 63, 86]  31
[2, 23, 34, 39, 59, 63, 86]  31
[2, 34, 36, 39, 59, 63, 86]  31
[2, 23, 34, 36, 59, 63, 86]  31
[2, 28, 34, 39, 59, 63, 85]  30
[2, 23, 34, 36, 39, 59, 85]  33
[2, 23, 34, 36, 39, 63, 85]  31
[2, 23, 36, 39, 59, 63, 85]  31
[2, 23, 34, 39, 59, 63, 85]  31
[2, 34, 36, 39, 59, 63, 85]  31
[2, 23, 34, 36, 59, 63, 85]  31
[36, 39, 59, 63, 85, 90, 93]  31
[34, 39, 59, 63, 85, 86, 90]  31
[34, 39, 59, 63, 85, 86, 93]  32
[36, 39, 59, 63, 85, 86, 93]  31
[23, 39, 59, 63, 85, 86, 93]  31
[34, 36, 39, 59, 63, 86, 93]  31
[23, 34, 39, 59, 63, 86, 93]  31
[23, 36, 39, 59, 63, 86, 93]  31
[34, 36, 39, 59, 63, 85, 93]  31
[23, 34, 39, 59, 63, 85, 93]  31
[23, 36, 39, 59, 63, 85, 93]  31
[23, 34, 36, 39, 59, 63, 93]  31
[34, 36, 39, 59, 63, 85, 86]  33
[23, 34, 39, 59, 63, 85, 86]  33
[28, 34, 39, 59, 63, 85, 86]  30
[23, 36, 39, 59, 63, 85, 86]  33
[23, 34, 36, 39, 59, 63, 86]  33
[23, 34, 36, 39, 59, 63, 85]  33
[2, 23, 34, 36, 39, 59, 63]  31
[34, 39, 53, 63, 85, 86, 90]  31
[34, 39, 63, 85, 86, 90, 93]  31
[36, 39, 63, 85, 86, 90, 93]  31
[23, 39, 63, 85, 86, 90, 93]  31
[34, 36, 39, 63, 86, 90, 93]  31
[23, 34, 39, 63, 86, 90, 93]  31
[23, 36, 39, 63, 86, 90, 93]  31
[34, 36, 39, 63, 85, 90, 93]  31
[23, 34, 39, 63, 85, 90, 93]  31
[23, 36, 39, 63, 85, 90, 93]  31
[23, 34, 36, 39, 63, 90, 93]  31
[34, 36, 39, 63, 85, 86, 90]  31
[23, 34, 39, 63, 85, 86, 90]  31
[23, 36, 39, 63, 85, 86, 90]  31
[23, 34, 36, 39, 63, 86, 90]  31
[23, 34, 36, 39, 63, 85, 90]  31
[34, 36, 39, 63, 85, 86, 93]  33
[23, 34, 39, 63, 85, 86, 93]  33
[23, 36, 39, 63, 85, 86, 93]  33
[23, 34, 36, 39, 63, 86, 93]  33
[23, 34, 36, 39, 63, 85, 93]  33
[23, 34, 36, 39, 63, 85, 86]  35
[39, 53, 56, 85, 86, 90, 93]  30
[34, 39, 53, 56, 86, 90, 93]  30
[36, 39, 53, 56, 86, 90, 93]  30
[23, 39, 53, 56, 86, 90, 93]  30
[34, 39, 53, 56, 85, 90, 93]  30
[36, 39, 53, 56, 85, 90, 93]  30
[23, 39, 53, 56, 85, 90, 93]  30
[34, 36, 39, 53, 56, 90, 93]  30
[23, 34, 39, 53, 56, 90, 93]  30
[23, 36, 39, 53, 56, 90, 93]  30
[34, 39, 53, 56, 85, 86, 90]  30
[36, 39, 53, 56, 85, 86, 90]  30
[23, 39, 53, 56, 85, 86, 90]  30
[34, 36, 39, 53, 56, 86, 90]  30
[23, 34, 39, 53, 56, 86, 90]  30
[23, 36, 39, 53, 56, 86, 90]  30
[34, 36, 39, 53, 56, 85, 90]  30
[23, 34, 39, 53, 56, 85, 90]  30
[23, 36, 39, 53, 56, 85, 90]  30
[23, 34, 36, 39, 53, 56, 90]  30
[34, 39, 53, 56, 85, 86, 93]  30
[36, 39, 53, 56, 85, 86, 93]  30
[23, 39, 53, 56, 85, 86, 93]  30
[34, 36, 39, 53, 56, 86, 93]  30
[23, 34, 39, 53, 56, 86, 93]  30
[23, 36, 39, 53, 56, 86, 93]  30
[34, 36, 39, 53, 56, 85, 93]  30
[23, 34, 39, 53, 56, 85, 93]  30
[23, 36, 39, 53, 56, 85, 93]  30
[23, 34, 36, 39, 53, 56, 93]  30
[34, 36, 39, 53, 56, 85, 86]  30
[23, 34, 39, 53, 56, 85, 86]  30
[23, 36, 39, 53, 56, 85, 86]  30
[23, 34, 36, 39, 53, 56, 86]  30
[23, 34, 36, 39, 53, 56, 85]  30
[34, 39, 56, 85, 86, 90, 93]  30
[36, 39, 56, 85, 86, 90, 93]  30
[23, 39, 56, 85, 86, 90, 93]  30
[34, 36, 39, 56, 86, 90, 93]  30
[23, 34, 39, 56, 86, 90, 93]  30
[23, 36, 39, 56, 86, 90, 93]  30
[34, 36, 39, 56, 85, 90, 93]  30
[23, 34, 39, 56, 85, 90, 93]  30
[23, 36, 39, 56, 85, 90, 93]  30
[23, 34, 36, 39, 56, 90, 93]  30
[34, 39, 56, 85, 86, 90, 116]  32
[34, 36, 39, 56, 85, 86, 90]  49
[23, 34, 39, 56, 85, 86, 90]  30
[23, 36, 39, 56, 85, 86, 90]  30
[23, 34, 36, 39, 56, 86, 90]  30
[23, 34, 36, 39, 56, 85, 90]  30
[34, 36, 39, 56, 85, 86, 93]  32
[23, 34, 39, 56, 85, 86, 93]  32
[23, 36, 39, 56, 85, 86, 93]  32
[23, 34, 36, 39, 56, 86, 93]  32
[23, 34, 36, 39, 56, 85, 93]  32
[23, 34, 36, 39, 56, 85, 86]  32
[34, 39, 53, 59, 85, 86, 90]  31
[34, 39, 59, 85, 86, 90, 93]  31
[36, 39, 59, 85, 86, 90, 93]  31
[23, 39, 59, 85, 86, 90, 93]  31
[34, 36, 39, 59, 86, 90, 93]  31
[23, 34, 39, 59, 86, 90, 93]  31
[23, 36, 39, 59, 86, 90, 93]  31
[34, 36, 39, 59, 85, 90, 93]  31
[23, 34, 39, 59, 85, 90, 93]  31
[23, 36, 39, 59, 85, 90, 93]  31
[23, 34, 36, 39, 59, 90, 93]  31
[34, 36, 39, 59, 85, 86, 90]  31
[23, 34, 39, 59, 85, 86, 90]  31
[23, 36, 39, 59, 85, 86, 90]  31
[23, 34, 36, 39, 59, 86, 90]  31
[23, 34, 36, 39, 59, 85, 90]  31
[34, 36, 39, 59, 85, 86, 93]  33
[23, 34, 39, 59, 85, 86, 93]  33
[23, 36, 39, 59, 85, 86, 93]  33
[23, 34, 36, 39, 59, 86, 93]  33
[23, 34, 36, 39, 59, 85, 93]  33
[23, 34, 36, 39, 59, 85, 86]  35
[34, 39, 53, 85, 86, 90, 93]  30
[36, 39, 53, 85, 86, 90, 93]  30
[23, 39, 53, 85, 86, 90, 93]  30
[34, 36, 39, 53, 86, 90, 93]  30
[23, 34, 39, 53, 86, 90, 93]  30
[23, 36, 39, 53, 86, 90, 93]  30
[34, 36, 39, 53, 85, 90, 93]  30
[23, 34, 39, 53, 85, 90, 93]  30
[23, 36, 39, 53, 85, 90, 93]  30
[23, 34, 36, 39, 53, 90, 93]  30
[34, 36, 39, 53, 85, 86, 90]  30
[23, 34, 39, 53, 85, 86, 90]  30
[28, 34, 39, 53, 85, 86, 90]  32
[23, 36, 39, 53, 85, 86, 90]  30
[23, 34, 36, 39, 53, 86, 90]  30
[23, 34, 36, 39, 53, 85, 90]  30
[34, 36, 39, 53, 85, 86, 93]  30
[23, 34, 39, 53, 85, 86, 93]  30
[23, 36, 39, 53, 85, 86, 93]  30
[23, 34, 36, 39, 53, 86, 93]  30
[23, 34, 36, 39, 53, 85, 93]  30
[23, 34, 36, 39, 53, 85, 86]  30
[34, 36, 39, 85, 86, 90, 93]  36
[23, 34, 39, 85, 86, 90, 93]  36
[23, 36, 39, 85, 86, 90, 93]  36
[23, 34, 36, 39, 86, 90, 93]  36
[23, 34, 36, 39, 85, 90, 93]  36
[23, 34, 36, 39, 85, 86, 90]  36
[1, 34, 36, 66, 85, 86, 90]  32
[1, 24, 34, 36, 66, 86, 90]  32
[1, 24, 34, 36, 66, 85, 90]  32
[1, 24, 34, 36, 66, 85, 86]  32
[1, 24, 34, 36, 85, 86, 90]  38
[1, 29, 34, 36, 85, 86, 90]  33
[1, 24, 34, 66, 85, 86, 90]  32
[23, 34, 36, 39, 85, 86, 93]  38
[1, 24, 36, 66, 85, 86, 90]  32
[34, 36, 53, 56, 85, 86, 90]  30
[34, 36, 53, 56, 85, 86, 93]  30
[23, 34, 36, 53, 56, 85, 86]  30
[34, 36, 53, 56, 86, 90, 93]  30
[23, 34, 36, 53, 56, 86, 90]  30
[23, 34, 36, 53, 56, 86, 93]  30
[34, 36, 53, 56, 85, 90, 93]  30
[23, 34, 36, 53, 56, 85, 90]  30
[23, 34, 36, 53, 56, 85, 93]  30
[23, 34, 36, 53, 56, 90, 93]  30
[34, 53, 56, 85, 86, 90, 93]  31
[23, 34, 53, 56, 85, 86, 90]  31
[23, 34, 53, 56, 85, 86, 93]  31
[23, 34, 53, 56, 86, 90, 93]  31
[23, 34, 53, 56, 85, 90, 93]  31
[34, 36, 53, 59, 85, 86, 90]  32
[34, 36, 53, 63, 85, 86, 90]  31
[34, 36, 53, 85, 86, 90, 93]  30
[23, 34, 36, 53, 85, 86, 90]  30
[23, 34, 36, 53, 85, 86, 93]  30
[23, 34, 36, 53, 86, 90, 93]  30
[23, 34, 36, 53, 85, 90, 93]  30
[23, 34, 53, 85, 86, 90, 93]  31
[34, 56, 59, 63, 85, 86, 93]  31
[34, 36, 56, 63, 85, 86, 93]  31
[34, 56, 63, 85, 86, 90, 93]  31
[23, 34, 56, 63, 85, 86, 93]  30
[34, 36, 56, 85, 86, 90, 93]  32
[23, 34, 36, 56, 85, 86, 90]  30
[23, 34, 36, 56, 85, 86, 93]  32
[23, 34, 36, 56, 86, 90, 93]  30
[23, 34, 36, 56, 85, 90, 93]  30
[23, 34, 56, 85, 86, 90, 93]  31
[34, 36, 59, 63, 85, 86, 90]  36
[34, 36, 59, 63, 85, 86, 93]  37
[23, 34, 36, 59, 63, 85, 86]  37
[34, 36, 59, 63, 86, 90, 93]  35
[23, 34, 36, 59, 63, 86, 90]  33
[23, 34, 36, 59, 63, 86, 93]  35
[34, 36, 59, 63, 85, 90, 93]  35
[23, 34, 36, 59, 63, 85, 90]  33
[23, 34, 36, 59, 63, 85, 93]  35
[23, 34, 36, 59, 63, 90, 93]  33
[34, 59, 63, 85, 86, 90, 93]  37
[23, 34, 59, 63, 85, 86, 90]  34
[23, 34, 59, 63, 85, 86, 93]  36
[23, 34, 59, 63, 86, 90, 93]  34
[23, 34, 59, 63, 85, 90, 93]  34
[34, 36, 59, 85, 86, 90, 93]  37
[23, 34, 36, 59, 85, 86, 90]  35
[23, 34, 36, 59, 85, 86, 93]  37
[23, 34, 36, 59, 86, 90, 93]  35
[23, 34, 36, 59, 85, 90, 93]  35
[23, 34, 59, 85, 86, 90, 93]  36
[34, 59, 67, 76, 85, 86, 90]  30
[34, 36, 63, 85, 86, 90, 93]  37
[23, 34, 36, 63, 85, 86, 90]  35
[23, 34, 36, 63, 85, 86, 93]  37
[23, 34, 36, 63, 86, 90, 93]  35
[23, 34, 36, 63, 85, 90, 93]  35
[23, 34, 63, 85, 86, 90, 93]  36
[23, 34, 36, 85, 86, 90, 93]  40
[24, 34, 36, 66, 85, 86, 90]  32
[36, 53, 56, 85, 86, 90, 93]  30
[23, 36, 53, 56, 85, 86, 90]  30
[23, 36, 53, 56, 86, 90, 93]  30
[23, 36, 53, 56, 85, 90, 93]  30
[23, 36, 53, 56, 85, 86, 93]  30
[23, 36, 56, 85, 86, 90, 93]  30
[23, 36, 53, 85, 86, 90, 93]  30
[36, 59, 63, 85, 86, 90, 93]  35
[23, 36, 59, 63, 85, 86, 90]  33
[23, 36, 59, 63, 86, 90, 93]  33
[23, 36, 59, 63, 85, 90, 93]  33
[23, 36, 59, 63, 85, 86, 93]  35
[23, 36, 63, 85, 86, 90, 93]  35
[23, 36, 59, 85, 86, 90, 93]  35
[23, 53, 56, 85, 86, 90, 93]  31
[23, 59, 63, 85, 86, 90, 93]  34
[34, 36, 39, 56, 85, 86, 90, 116]  32
[2, 23, 34, 59, 85, 86, 90, 93]  30
[2, 23, 34, 36, 39, 85, 86, 93]  31
[2, 23, 36, 39, 59, 85, 86, 93]  31
[2, 23, 34, 39, 59, 85, 86, 93]  31
[2, 34, 36, 39, 59, 85, 86, 93]  31
[2, 34, 39, 59, 63, 85, 86, 93]  30
[2, 23, 34, 36, 59, 85, 86, 93]  31
[2, 23, 34, 59, 63, 85, 86, 93]  30
[2, 23, 34, 36, 39, 59, 86, 93]  31
[2, 23, 34, 36, 39, 59, 85, 93]  31
[2, 28, 34, 39, 53, 85, 86, 90]  32
[2, 28, 34, 39, 59, 63, 85, 86]  30
[2, 23, 34, 36, 39, 59, 85, 86]  33
[2, 23, 34, 36, 39, 63, 85, 86]  31
[2, 23, 36, 39, 59, 63, 85, 86]  31
[2, 23, 34, 39, 59, 63, 85, 86]  31
[2, 34, 36, 39, 59, 63, 85, 86]  31
[2, 23, 34, 36, 59, 63, 85, 86]  31
[2, 23, 34, 36, 39, 59, 63, 86]  31
[2, 23, 34, 36, 39, 59, 63, 85]  31
[34, 36, 39, 59, 63, 85, 86, 93]  31
[23, 34, 39, 59, 63, 85, 86, 93]  31
[23, 36, 39, 59, 63, 85, 86, 93]  31
[23, 34, 36, 39, 59, 63, 86, 93]  31
[23, 34, 36, 39, 59, 63, 85, 93]  31
[23, 34, 36, 39, 59, 63, 85, 86]  33
[34, 36, 39, 63, 85, 86, 90, 93]  31
[23, 34, 39, 63, 85, 86, 90, 93]  31
[23, 36, 39, 63, 85, 86, 90, 93]  31
[23, 34, 36, 39, 63, 86, 90, 93]  31
[23, 34, 36, 39, 63, 85, 90, 93]  31
[23, 34, 36, 39, 63, 85, 86, 90]  31
[23, 34, 36, 39, 63, 85, 86, 93]  33
[34, 39, 53, 56, 85, 86, 90, 93]  30
[36, 39, 53, 56, 85, 86, 90, 93]  30
[23, 39, 53, 56, 85, 86, 90, 93]  30
[34, 36, 39, 53, 56, 86, 90, 93]  30
[23, 34, 39, 53, 56, 86, 90, 93]  30
[23, 36, 39, 53, 56, 86, 90, 93]  30
[34, 36, 39, 53, 56, 85, 90, 93]  30
[23, 34, 39, 53, 56, 85, 90, 93]  30
[23, 36, 39, 53, 56, 85, 90, 93]  30
[23, 34, 36, 39, 53, 56, 90, 93]  30
[34, 36, 39, 53, 56, 85, 86, 90]  30
[23, 34, 39, 53, 56, 85, 86, 90]  30
[23, 36, 39, 53, 56, 85, 86, 90]  30
[23, 34, 36, 39, 53, 56, 86, 90]  30
[23, 34, 36, 39, 53, 56, 85, 90]  30
[34, 36, 39, 53, 56, 85, 86, 93]  30
[23, 34, 39, 53, 56, 85, 86, 93]  30
[23, 36, 39, 53, 56, 85, 86, 93]  30
[23, 34, 36, 39, 53, 56, 86, 93]  30
[23, 34, 36, 39, 53, 56, 85, 93]  30
[23, 34, 36, 39, 53, 56, 85, 86]  30
[34, 36, 39, 56, 85, 86, 90, 93]  30
[23, 34, 39, 56, 85, 86, 90, 93]  30
[23, 36, 39, 56, 85, 86, 90, 93]  30
[23, 34, 36, 39, 56, 86, 90, 93]  30
[23, 34, 36, 39, 56, 85, 90, 93]  30
[23, 34, 36, 39, 56, 85, 86, 90]  30
[23, 34, 36, 39, 56, 85, 86, 93]  32
[34, 36, 39, 59, 85, 86, 90, 93]  31
[23, 34, 39, 59, 85, 86, 90, 93]  31
[23, 36, 39, 59, 85, 86, 90, 93]  31
[23, 34, 36, 39, 59, 86, 90, 93]  31
[23, 34, 36, 39, 59, 85, 90, 93]  31
[23, 34, 36, 39, 59, 85, 86, 90]  31
[23, 34, 36, 39, 59, 85, 86, 93]  33
[34, 36, 39, 53, 85, 86, 90, 93]  30
[23, 34, 39, 53, 85, 86, 90, 93]  30
[23, 36, 39, 53, 85, 86, 90, 93]  30
[23, 34, 36, 39, 53, 86, 90, 93]  30
[23, 34, 36, 39, 53, 85, 90, 93]  30
[23, 34, 36, 39, 53, 85, 86, 90]  30
[23, 34, 36, 39, 53, 85, 86, 93]  30
[23, 34, 36, 39, 85, 86, 90, 93]  36
[1, 24, 34, 36, 66, 85, 86, 90]  32
[34, 36, 53, 56, 85, 86, 90, 93]  30
[23, 34, 36, 53, 56, 85, 86, 90]  30
[23, 34, 36, 53, 56, 85, 86, 93]  30
[23, 34, 36, 53, 56, 86, 90, 93]  30
[23, 34, 36, 53, 56, 85, 90, 93]  30
[23, 34, 53, 56, 85, 86, 90, 93]  31
[23, 34, 36, 53, 85, 86, 90, 93]  30
[23, 34, 36, 56, 85, 86, 90, 93]  30
[34, 36, 59, 63, 85, 86, 90, 93]  35
[23, 34, 36, 59, 63, 85, 86, 90]  33
[23, 34, 36, 59, 63, 85, 86, 93]  35
[23, 34, 36, 59, 63, 86, 90, 93]  33
[23, 34, 36, 59, 63, 85, 90, 93]  33
[23, 34, 59, 63, 85, 86, 90, 93]  34
[23, 34, 36, 59, 85, 86, 90, 93]  35
[23, 34, 36, 63, 85, 86, 90, 93]  35
[23, 36, 53, 56, 85, 86, 90, 93]  30
[23, 36, 59, 63, 85, 86, 90, 93]  33
[2, 23, 34, 36, 39, 59, 85, 86, 93]  31
[2, 23, 34, 36, 39, 59, 63, 85, 86]  31
[23, 34, 36, 39, 59, 63, 85, 86, 93]  31
[23, 34, 36, 39, 63, 85, 86, 90, 93]  31
[34, 36, 39, 53, 56, 85, 86, 90, 93]  30
[23, 34, 39, 53, 56, 85, 86, 90, 93]  30
[23, 36, 39, 53, 56, 85, 86, 90, 93]  30
[23, 34, 36, 39, 53, 56, 86, 90, 93]  30
[23, 34, 36, 39, 53, 56, 85, 90, 93]  30
[23, 34, 36, 39, 53, 56, 85, 86, 90]  30
[23, 34, 36, 39, 53, 56, 85, 86, 93]  30
[23, 34, 36, 39, 56, 85, 86, 90, 93]  30
[23, 34, 36, 39, 59, 85, 86, 90, 93]  31
[23, 34, 36, 39, 53, 85, 86, 90, 93]  30
[23, 34, 36, 53, 56, 85, 86, 90, 93]  30
[23, 34, 36, 59, 63, 85, 86, 90, 93]  33
[23, 34, 36, 39, 53, 56, 85, 86, 90, 93]  30
