7062  4953
7092  4822
170  4945
188  4771
180  4921
184  4921
7102  4604
7112  4725
3404  4585
4940  4842
4404  4585
4426  4841
4428  4909
4430  4745
4432  4879
4436  4797
4434  4877
4438  4978
260  4591
265  4591
[7062, 7112]  4690
[4438, 7092]  4811
[180, 265]  4531
[180, 260]  4531
[188, 7062]  4735
[265, 4438]  4584
[180, 7062]  4885
[180, 4436]  4730
[7062, 7102]  4571
[180, 4438]  4910
[4940, 7062]  4807
[4438, 7062]  4942
[265, 4428]  4518
[4430, 4432]  4676
[170, 7092]  4778
[180, 4430]  4679
[180, 4428]  4842
[4430, 4436]  4564
[180, 4434]  4810
[4430, 4434]  4655
[188, 4426]  4631
[3404, 4438]  4577
[180, 4432]  4811
[4940, 7112]  4601
[4430, 4438]  4735
[4438, 7112]  4714
[3404, 4428]  4515
[180, 4426]  4774
[7062, 7092]  4788
[7092, 7112]  4581
[4438, 4940]  4831
[188, 4436]  4579
[188, 4438]  4760
[170, 7112]  4682
[188, 7092]  4611
[4438, 7102]  4597
[4432, 4940]  4734
[188, 4428]  4693
[180, 4404]  4526
[188, 4430]  4532
[4940, 7092]  4691
[188, 4432]  4663
[170, 7102]  4564
[188, 4434]  4661
[260, 7062]  4558
[170, 4404]  4551
[3404, 4404]  4585
[188, 7112]  4521
[4426, 7112]  4589
[260, 265]  4591
[170, 4940]  4800
[180, 4940]  4776
[4426, 7092]  4678
[188, 4940]  4636
[4436, 7062]  4762
[184, 188]  4712
[3404, 7062]  4552
[4432, 4438]  4869
[170, 4436]  4755
[4432, 4436]  4698
[170, 4434]  4834
[4432, 4434]  4793
[170, 4438]  4934
[170, 4428]  4866
[180, 7112]  4657
[170, 4426]  4799
[184, 3404]  4526
[170, 4432]  4835
[4436, 7112]  4560
[170, 4430]  4703
[4436, 7102]  4515
[4426, 7062]  4806
[180, 7102]  4537
[4436, 7092]  4636
[4436, 4940]  4652
[4434, 4940]  4731
[180, 7092]  4760
[4428, 7102]  4538
[4428, 7112]  4652
[4404, 4428]  4515
[184, 260]  4531
[4426, 4940]  4702
[184, 7092]  4760
[4434, 7062]  4843
[184, 265]  4531
[4434, 4438]  4867
[4428, 7092]  4745
[4434, 4436]  4713
[4434, 7112]  4625
[4426, 4436]  4649
[4404, 7062]  4552
[4426, 4434]  4730
[4426, 4438]  4830
[170, 180]  4886
[4426, 4428]  4804
[260, 4428]  4518
[170, 184]  4886
[4426, 4432]  4737
[184, 7062]  4885
[4426, 4430]  4626
[170, 3404]  4551
[260, 4438]  4584
[4404, 4438]  4577
[170, 188]  4731
[184, 4426]  4774
[4434, 7092]  4712
[184, 4428]  4842
[184, 4430]  4679
[170, 7062]  4909
[184, 4432]  4811
[4434, 7102]  4537
[184, 4434]  4810
[184, 4436]  4730
[4428, 7062]  4874
[184, 4438]  4910
[170, 265]  4558
[4430, 7112]  4514
[4428, 4940]  4764
[180, 184]  4921
[4432, 7062]  4844
[4430, 7092]  4580
[180, 188]  4712
[184, 4940]  4776
[184, 4404]  4526
[4436, 4438]  4787
[184, 7112]  4657
[4428, 4438]  4898
[265, 7062]  4558
[4428, 4436]  4717
[4428, 4434]  4799
[4432, 7112]  4626
[4428, 4432]  4809
[4428, 4430]  4705
[184, 7102]  4537
[4432, 7092]  4714
[4430, 4940]  4603
[4430, 7062]  4713
[180, 3404]  4526
[4432, 7102]  4524
[170, 260]  4558
[170, 4426, 7112]  4548
[184, 4438, 7092]  4749
[4426, 7062, 7092]  4645
[4434, 4438, 7112]  4615
[4430, 4434, 4940]  4514
[180, 4438, 7092]  4749
[4430, 4438, 7112]  4504
[4434, 4438, 7102]  4531
[4426, 4434, 4940]  4592
[170, 4426, 7092]  4636
[188, 4438, 7062]  4724
[4426, 4438, 7112]  4578
[7062, 7092, 7112]  4548
[4434, 4438, 7092]  4702
[188, 4432, 4940]  4530
[184, 4438, 7062]  4874
[4430, 4438, 7092]  4570
[184, 4432, 4940]  4668
[180, 4438, 7062]  4874
[4426, 4438, 7092]  4667
[180, 4432, 4940]  4668
[170, 4426, 7062]  4764
[4434, 4438, 7062]  4833
[4432, 4436, 4438]  4689
[184, 4436, 7092]  4575
[170, 4436, 4438]  4745
[4430, 4438, 7062]  4703
[4428, 4436, 4438]  4707
[4430, 4432, 4940]  4535
[180, 4436, 7092]  4575
[4426, 4438, 7062]  4795
[170, 180, 4438]  4875
[170, 180, 4436]  4696
[170, 180, 4434]  4775
[4426, 4432, 4940]  4600
[170, 180, 4432]  4776
[170, 180, 4430]  4644
[188, 4436, 7062]  4544
[170, 180, 4428]  4807
[4434, 4436, 7092]  4553
[170, 180, 4426]  4740
[184, 4436, 7062]  4695
[170, 188, 4940]  4598
[184, 265, 4438]  4524
[184, 4430, 4940]  4539
[180, 4436, 7062]  4695
[180, 265, 4438]  4524
[184, 4434, 7112]  4558
[180, 4430, 4940]  4539
[180, 4434, 7112]  4558
[188, 4434, 7092]  4503
[4434, 4436, 7062]  4680
[4432, 4434, 4438]  4784
[184, 4434, 7092]  4651
[170, 4434, 4438]  4824
[4432, 4434, 4436]  4629
[4430, 4436, 7062]  4533
[170, 4434, 4436]  4671
[4428, 4434, 4438]  4789
[180, 4434, 7092]  4651
[4428, 4434, 4436]  4635
[4426, 4436, 7062]  4615
[188, 4434, 7062]  4627
[188, 4428, 4940]  4560
[184, 4434, 7062]  4776
[184, 4428, 4940]  4699
[180, 4434, 7062]  4776
[184, 4432, 7112]  4558
[4426, 4434, 7092]  4569
[180, 4428, 4940]  4699
[4432, 4940, 7112]  4503
[170, 4940, 7112]  4560
[180, 4432, 7112]  4558
[188, 4432, 7092]  4505
[184, 188, 4438]  4701
[4428, 4940, 7112]  4528
[184, 188, 4436]  4521
[4436, 4940, 7092]  4507
[184, 188, 4434]  4603
[170, 265, 7062]  4525
[184, 188, 4432]  4604
[184, 4432, 7092]  4652
[170, 4432, 4438]  4825
[180, 188, 4438]  4701
[4430, 4434, 7062]  4625
[170, 4432, 4436]  4656
[184, 188, 4428]  4635
[180, 188, 4436]  4521
[170, 7092, 7112]  4538
[170, 4432, 4434]  4750
[4432, 4940, 7092]  4585
[184, 188, 4426]  4573
[180, 188, 4434]  4603
[184, 3404, 4438]  4518
[170, 4940, 7092]  4649
[4428, 4432, 4438]  4799
[180, 188, 4432]  4604
[180, 4432, 7092]  4652
[4428, 4432, 4436]  4628
[4426, 4434, 7062]  4697
[4428, 7092, 7112]  4510
[4428, 4432, 4434]  4723
[180, 188, 4428]  4635
[4428, 4940, 7092]  4615
[180, 188, 4426]  4573
[180, 3404, 4438]  4518
[4426, 4428, 4940]  4667
[188, 4432, 7062]  4628
[4436, 4940, 7062]  4618
[188, 4426, 4940]  4504
[184, 4432, 7062]  4776
[170, 184, 4940]  4743
[4430, 4432, 7092]  4512
[4432, 4940, 7062]  4700
[184, 4426, 4940]  4637
[170, 4940, 7062]  4765
[180, 4432, 7062]  4776
[184, 3404, 4404]  4526
[4426, 4432, 7092]  4576
[4428, 4940, 7062]  4730
[180, 4426, 4940]  4637
[170, 260, 265]  4558
[180, 3404, 4404]  4526
[170, 188, 7092]  4571
[184, 4430, 7092]  4520
[184, 260, 4438]  4524
[170, 4430, 4438]  4693
[4430, 4432, 7062]  4645
[170, 4430, 4436]  4523
[170, 4430, 4434]  4613
[4436, 4438, 4940]  4642
[170, 4430, 4432]  4634
[4428, 4430, 4438]  4695
[180, 260, 4438]  4524
[180, 4430, 7092]  4520
[4428, 4430, 4436]  4524
[4426, 4432, 7062]  4703
[4428, 4430, 4434]  4615
[4428, 4430, 4432]  4636
[4432, 4438, 4940]  4724
[170, 4438, 4940]  4789
[188, 4430, 7062]  4500
[170, 188, 7062]  4695
[4428, 4438, 4940]  4753
[184, 4430, 7062]  4647
[170, 3404, 7062]  4518
[180, 4430, 7062]  4647
[170, 4404, 4438]  4543
[170, 184, 265]  4506
[265, 4428, 4438]  4511
[184, 4428, 7112]  4585
[170, 184, 260]  4506
[3404, 4404, 4438]  4577
[180, 4428, 7112]  4585
[188, 4428, 7092]  4536
[3404, 4404, 4428]  4515
[184, 4428, 7092]  4684
[170, 4428, 4438]  4855
[180, 184, 4438]  4910
[170, 4428, 4436]  4676
[180, 184, 4436]  4730
[170, 4428, 4434]  4757
[180, 184, 4434]  4810
[170, 4428, 4432]  4766
[180, 184, 4432]  4811
[170, 4428, 4430]  4663
[180, 4428, 7092]  4684
[180, 184, 4430]  4679
[4426, 4430, 7062]  4595
[3404, 4428, 4438]  4507
[180, 184, 4428]  4842
[180, 184, 4426]  4774
[4432, 4436, 4940]  4555
[170, 4436, 4940]  4612
[188, 4428, 7062]  4658
[4426, 4428, 7112]  4557
[4428, 4436, 4940]  4574
[184, 4428, 7062]  4807
[170, 180, 4940]  4743
[170, 260, 7062]  4525
[4436, 7062, 7112]  4526
[170, 184, 7112]  4623
[180, 184, 4404]  4526
[180, 4428, 7062]  4807
[4432, 7062, 7112]  4592
[184, 4426, 7112]  4522
[4426, 4428, 7092]  4643
[170, 7062, 7112]  4647
[170, 184, 7102]  4505
[4428, 7062, 7112]  4618
[180, 4426, 7112]  4522
[4436, 7062, 7092]  4603
[170, 7062, 7102]  4531
[170, 184, 7092]  4725
[170, 184, 188]  4680
[260, 265, 7062]  4558
[4428, 7062, 7102]  4506
[4432, 7062, 7092]  4681
[4404, 4428, 4438]  4507
[184, 4426, 7092]  4617
[170, 4426, 4438]  4788
[170, 7062, 7092]  4744
[170, 4426, 4436]  4609
[170, 4426, 4434]  4689
[170, 4426, 4432]  4695
[4428, 7062, 7092]  4712
[170, 4426, 4430]  4585
[180, 4426, 7092]  4617
[4426, 4428, 7062]  4770
[170, 4426, 4428]  4762
[4436, 4438, 7112]  4550
[4432, 4434, 4940]  4649
[170, 4434, 4940]  4690
[4432, 4438, 7112]  4616
[188, 4426, 7062]  4596
[4436, 4438, 7102]  4509
[170, 184, 7062]  4850
[170, 4438, 7112]  4671
[4428, 4434, 4940]  4655
[184, 4426, 7062]  4739
[4428, 4438, 7112]  4641
[4432, 4438, 7102]  4517
[4436, 4438, 7092]  4626
[170, 4438, 7102]  4557
[188, 4436, 4438]  4569
[180, 4426, 7062]  4739
[4428, 4438, 7102]  4531
[4432, 4438, 7092]  4704
[170, 180, 265]  4506
[184, 4436, 4438]  4720
[170, 4438, 7092]  4767
[170, 180, 260]  4506
[4428, 4438, 7092]  4734
[265, 4438, 7062]  4551
[180, 4436, 4438]  4720
[4436, 4438, 7062]  4752
[4434, 4436, 4438]  4703
[4432, 4438, 7062]  4834
[184, 188, 4940]  4579
[170, 4438, 7062]  4898
[4430, 4436, 4438]  4555
[170, 4432, 4940]  4692
[4428, 4438, 7062]  4863
[180, 188, 4940]  4579
[3404, 4438, 7062]  4544
[170, 4436, 7112]  4519
[4426, 4436, 4438]  4639
[4428, 4432, 4940]  4665
[188, 4434, 4438]  4651
[170, 180, 7112]  4623
[4432, 4436, 7092]  4538
[184, 4434, 4438]  4800
[170, 4436, 7092]  4594
[184, 4434, 4436]  4646
[170, 180, 7102]  4505
[4428, 4436, 7092]  4559
[180, 4434, 4438]  4800
[180, 4434, 4436]  4646
[170, 180, 7092]  4725
[170, 180, 188]  4680
[260, 4428, 4438]  4511
[170, 180, 184]  4886
[4432, 4436, 7062]  4664
[4404, 4438, 7062]  4544
[170, 4436, 7062]  4720
[170, 265, 4438]  4551
[4430, 4434, 4438]  4646
[4428, 4436, 7062]  4683
[170, 4430, 4940]  4563
[4432, 4434, 7112]  4547
[170, 4434, 7112]  4583
[170, 180, 7062]  4850
[4426, 4434, 4438]  4720
[4428, 4430, 4940]  4564
[4426, 4434, 4436]  4566
[184, 4940, 7112]  4535
[4428, 4434, 7112]  4553
[188, 4432, 4438]  4653
[188, 4432, 4434]  4578
[180, 4940, 7112]  4535
[4432, 4434, 7092]  4629
[184, 4432, 4438]  4801
[170, 4434, 7092]  4669
[184, 4432, 4436]  4631
[4438, 4940, 7112]  4590
[184, 7092, 7112]  4519
[184, 4432, 4434]  4726
[184, 4940, 7092]  4630
[4428, 4434, 7092]  4637
[180, 4432, 4438]  4801
[4434, 4940, 7112]  4502
[180, 4432, 4436]  4631
[180, 7092, 7112]  4519
[180, 4432, 4434]  4726
[180, 4940, 7092]  4630
[4438, 7092, 7112]  4570
[4438, 4940, 7092]  4680
[188, 4940, 7062]  4601
[4432, 4434, 7062]  4760
[170, 4434, 7062]  4800
[4434, 4940, 7092]  4582
[4430, 4432, 4438]  4666
[184, 4940, 7062]  4741
[4428, 4434, 7062]  4766
[170, 4428, 4940]  4723
[180, 184, 4940]  4776
[4430, 4432, 4434]  4594
[180, 184, 3404]  4526
[170, 4432, 7112]  4583
[4426, 4432, 4438]  4727
[4426, 4432, 4436]  4556
[180, 4940, 7062]  4741
[4426, 4432, 4434]  4651
[184, 260, 265]  4531
[4428, 4432, 7112]  4560
[4426, 4940, 7092]  4554
[4438, 4940, 7062]  4796
[188, 4430, 4438]  4522
[184, 188, 7092]  4556
[170, 188, 4438]  4720
[180, 260, 265]  4531
[170, 188, 4436]  4541
[170, 188, 4434]  4622
[170, 188, 4432]  4623
[4434, 4940, 7062]  4698
[170, 4432, 7092]  4670
[184, 4430, 4438]  4669
[180, 188, 7092]  4556
[170, 188, 4428]  4654
[184, 4430, 4434]  4589
[170, 188, 4426]  4593
[184, 4430, 4432]  4610
[4428, 4432, 7092]  4647
[170, 3404, 4438]  4543
[4430, 4940, 7062]  4572
[188, 4438, 4940]  4625
[180, 4430, 4438]  4669
[180, 4430, 4434]  4589
[180, 4430, 4432]  4610
[4426, 4940, 7062]  4668
[184, 4438, 4940]  4765
[184, 188, 7062]  4676
[260, 4438, 7062]  4551
[180, 4438, 4940]  4765
[170, 4432, 7062]  4800
[180, 188, 7062]  4676
[4428, 4432, 7062]  4775
[170, 4426, 4940]  4662
[184, 4404, 4438]  4518
[170, 3404, 4404]  4551
[4434, 4438, 4940]  4721
[4426, 4430, 4438]  4616
[4426, 4430, 4434]  4536
[180, 4404, 4438]  4518
[180, 184, 265]  4531
[4426, 4430, 4432]  4557
[4430, 4438, 4940]  4593
[188, 4428, 4438]  4682
[180, 184, 260]  4531
[188, 4428, 4436]  4501
[188, 4428, 4434]  4584
[188, 4428, 4432]  4593
[4426, 4438, 4940]  4691
[184, 4428, 4438]  4831
[170, 260, 4438]  4551
[170, 4430, 7092]  4538
[184, 4428, 4436]  4651
[184, 4428, 4434]  4733
[184, 4428, 4432]  4742
[4428, 4430, 7092]  4543
[184, 4428, 4430]  4639
[180, 4428, 4438]  4831
[180, 4428, 4436]  4651
[180, 4428, 4434]  4733
[180, 4428, 4432]  4742
[184, 4436, 4940]  4587
[180, 4428, 4430]  4639
[260, 265, 4438]  4584
[180, 4436, 4940]  4587
[170, 4430, 7062]  4671
[260, 265, 4428]  4518
[4428, 4430, 7062]  4673
[4434, 4436, 4940]  4569
[170, 4428, 7112]  4610
[184, 7062, 7112]  4622
[4426, 4428, 4438]  4793
[180, 184, 7112]  4657
[4426, 4428, 4436]  4612
[4426, 4428, 4434]  4694
[4426, 4428, 4432]  4705
[4426, 4428, 4430]  4604
[180, 7062, 7112]  4622
[184, 7062, 7102]  4504
[180, 184, 7102]  4537
[188, 4426, 4438]  4620
[188, 7062, 7092]  4577
[170, 184, 4438]  4875
[170, 184, 4436]  4696
[188, 4426, 4434]  4521
[4438, 7062, 7112]  4679
[170, 184, 4434]  4775
[188, 4426, 4432]  4527
[4426, 4436, 4940]  4512
[170, 184, 4432]  4776
[180, 7062, 7102]  4504
[184, 4426, 4438]  4763
[170, 4428, 7092]  4702
[184, 7062, 7092]  4726
[180, 184, 7092]  4760
[170, 184, 4430]  4644
[188, 4426, 4428]  4594
[184, 4426, 4436]  4583
[180, 184, 188]  4712
[170, 184, 4428]  4807
[184, 4426, 4434]  4664
[170, 184, 4426]  4740
[4434, 7062, 7112]  4592
[184, 4426, 4432]  4670
[4438, 7062, 7102]  4564
[170, 4404, 7062]  4518
[184, 4426, 4430]  4560
[188, 4434, 4940]  4527
[180, 4426, 4438]  4763
[180, 7062, 7092]  4726
[184, 4426, 4428]  4737
[180, 4426, 4436]  4583
[180, 4426, 4434]  4664
[188, 4438, 7112]  4510
[180, 4426, 4432]  4670
[4434, 7062, 7102]  4506
[4438, 7062, 7092]  4777
[184, 4434, 4940]  4666
[3404, 4404, 7062]  4552
[4940, 7062, 7112]  4567
[180, 4426, 4430]  4560
[180, 4426, 4428]  4737
[184, 4438, 7112]  4646
[4426, 7062, 7112]  4555
[4434, 7062, 7092]  4680
[180, 4434, 4940]  4666
[170, 4428, 7062]  4831
[180, 4438, 7112]  4646
[180, 184, 7062]  4885
[184, 4438, 7102]  4530
[188, 4438, 7092]  4600
[4430, 7062, 7092]  4550
[4940, 7062, 7092]  4658
[180, 4438, 7102]  4530
[4432, 4436, 4438, 4940]  4546
[4426, 4428, 4438, 7112]  4546
[180, 188, 4428, 4940]  4504
[4430, 4432, 4434, 7062]  4565
[180, 4426, 4438, 7112]  4511
[4426, 4428, 4438, 7092]  4632
[184, 4430, 4434, 7062]  4559
[170, 188, 4428, 4940]  4523
[260, 265, 4428, 4438]  4511
[184, 4426, 4428, 4940]  4602
[180, 4426, 4438, 7092]  4606
[4426, 4434, 4436, 4438]  4556
[170, 4426, 4438, 7112]  4537
[180, 4434, 7062, 7112]  4525
[4426, 4428, 4438, 7062]  4759
[4430, 4438, 4940, 7062]  4562
[180, 4432, 4436, 4438]  4622
[170, 4426, 4438, 7092]  4625
[180, 4434, 7062, 7092]  4619
[170, 4434, 7062, 7112]  4550
[180, 4426, 4438, 7062]  4728
[184, 4436, 4940, 7062]  4553
[4430, 4434, 4438, 4940]  4505
[170, 4432, 4436, 4438]  4647
[184, 4430, 4432, 7062]  4579
[170, 4434, 7062, 7092]  4637
[4428, 4430, 4434, 7062]  4585
[170, 4426, 4438, 7062]  4753
[180, 3404, 4404, 4438]  4518
[184, 4432, 4438, 4940]  4658
[4426, 4428, 4436, 7062]  4579
[170, 3404, 4404, 4438]  4543
[180, 4432, 4434, 4438]  4717
[180, 4432, 4434, 4436]  4562
[180, 4426, 4436, 7062]  4549
[4428, 4436, 4940, 7062]  4541
[170, 4432, 4434, 4438]  4741
[4426, 4428, 4434, 7092]  4535
[170, 4432, 4434, 4436]  4587
[4428, 4430, 4432, 7062]  4605
[170, 4426, 4436, 7062]  4575
[180, 184, 188, 4940]  4579
[180, 4426, 4434, 7092]  4509
[260, 265, 4438, 7062]  4551
[4428, 4432, 4438, 4940]  4655
[4426, 4428, 4434, 7062]  4662
[170, 184, 188, 4940]  4549
[170, 4426, 4434, 7092]  4528
[180, 4426, 4434, 7062]  4631
[4426, 4428, 4432, 7092]  4546
[180, 4432, 4940, 7092]  4524
[170, 4426, 4434, 7062]  4656
[4426, 4434, 4940, 7062]  4560
[180, 4426, 4432, 7092]  4515
[184, 4432, 4434, 4940]  4584
[170, 4432, 4940, 7092]  4543
[4426, 4428, 4432, 7062]  4672
[180, 4432, 4940, 7062]  4634
[184, 4436, 4438, 7092]  4565
[170, 4426, 4432, 7092]  4534
[180, 4426, 4432, 7062]  4636
[180, 188, 4436, 4438]  4511
[170, 4432, 4940, 7062]  4658
[180, 4428, 4438, 4940]  4688
[184, 4428, 7062, 7112]  4551
[184, 4436, 4438, 7062]  4685
[170, 4426, 4432, 7062]  4661
[170, 188, 4436, 4438]  4531
[184, 4426, 4436, 4438]  4573
[4428, 4432, 4434, 4940]  4580
[170, 4428, 4438, 4940]  4712
[4432, 4940, 7062, 7092]  4553
[184, 4428, 7062, 7092]  4651
[184, 188, 4438, 4940]  4568
[4426, 4428, 4430, 7062]  4573
[4428, 4436, 4438, 7092]  4549
[180, 4426, 4430, 7062]  4529
[180, 188, 4434, 4438]  4593
[170, 180, 260, 265]  4506
[180, 4428, 4436, 4940]  4510
[170, 4426, 4430, 7062]  4554
[170, 188, 4434, 4438]  4612
[4428, 4436, 4438, 7062]  4673
[180, 4426, 4428, 7092]  4582
[184, 4426, 4434, 4438]  4654
[170, 4426, 4428, 7112]  4516
[184, 4426, 4434, 4436]  4500
[170, 4428, 4436, 4940]  4535
[170, 265, 4438, 7062]  4518
[170, 4426, 4428, 7092]  4601
[180, 4426, 4428, 7062]  4703
[180, 188, 4432, 4438]  4594
[180, 188, 4432, 4434]  4520
[180, 4428, 4434, 4940]  4591
[180, 4432, 4438, 7112]  4548
[4426, 4434, 4438, 7092]  4559
[170, 4426, 4428, 7062]  4728
[170, 188, 4432, 4438]  4613
[170, 188, 4432, 4434]  4539
[184, 4426, 4432, 4438]  4660
[180, 4432, 4438, 7092]  4642
[170, 4428, 4434, 4940]  4615
[184, 4426, 4432, 4434]  4585
[170, 4432, 4438, 7112]  4573
[4426, 4434, 4438, 7062]  4687
[180, 188, 4940, 7062]  4544
[170, 4432, 4438, 7092]  4660
[180, 4432, 4438, 7062]  4766
[180, 4428, 4432, 4940]  4600
[170, 188, 4940, 7062]  4563
[180, 184, 4438, 4940]  4765
[184, 4426, 4940, 7062]  4603
[170, 4432, 4438, 7062]  4790
[184, 4426, 4430, 4438]  4550
[170, 4428, 4432, 4940]  4624
[170, 184, 4438, 4940]  4732
[4426, 4434, 4436, 7062]  4534
[188, 4438, 7062, 7092]  4566
[180, 188, 4428, 4438]  4624
[180, 4432, 4436, 7062]  4597
[180, 188, 4428, 4434]  4527
[180, 188, 4428, 4432]  4535
[180, 4428, 4430, 4940]  4500
[180, 184, 4436, 4940]  4587
[170, 188, 4428, 4438]  4643
[170, 4432, 4436, 7062]  4622
[170, 188, 4428, 4434]  4546
[170, 188, 4428, 4432]  4554
[184, 4426, 4428, 4438]  4726
[184, 4426, 4428, 4436]  4546
[180, 4432, 4434, 7092]  4568
[170, 4428, 4430, 4940]  4524
[184, 4426, 4428, 4434]  4628
[170, 4432, 4434, 7112]  4505
[184, 4426, 4428, 4432]  4638
[184, 4426, 4428, 4430]  4538
[4432, 4438, 7062, 7112]  4582
[170, 184, 4436, 4940]  4555
[170, 4432, 4434, 7092]  4586
[180, 4438, 4940, 7112]  4524
[180, 188, 4426, 4438]  4562
[170, 3404, 4404, 7062]  4518
[4432, 4438, 7062, 7092]  4671
[180, 4432, 4434, 7062]  4693
[180, 188, 4426, 4428]  4536
[180, 4438, 4940, 7092]  4619
[170, 4438, 4940, 7112]  4549
[170, 188, 4426, 4438]  4582
[180, 184, 4434, 4940]  4666
[170, 4432, 4434, 7062]  4717
[170, 188, 4426, 4428]  4556
[184, 188, 4428, 4940]  4504
[170, 4438, 4940, 7092]  4638
[180, 188, 4438, 7092]  4545
[170, 184, 4434, 4940]  4633
[180, 4438, 4940, 7062]  4730
[184, 4426, 4438, 7112]  4511
[4426, 4436, 4438, 4940]  4502
[4434, 4438, 4940, 7092]  4572
[170, 188, 4438, 7092]  4560
[170, 4438, 4940, 7062]  4754
[180, 188, 4438, 7062]  4665
[184, 4426, 4438, 7092]  4606
[180, 4434, 4438, 4940]  4656
[184, 4434, 7062, 7112]  4525
[180, 184, 4432, 4940]  4668
[4434, 4438, 4940, 7062]  4688
[170, 180, 7062, 7112]  4588
[170, 188, 4438, 7062]  4684
[180, 184, 188, 4438]  4701
[184, 4432, 4436, 4438]  4622
[180, 184, 188, 4436]  4521
[170, 4434, 4438, 4940]  4680
[180, 184, 188, 4434]  4603
[180, 184, 188, 4432]  4604
[184, 4434, 7062, 7092]  4619
[184, 4426, 4438, 7062]  4728
[170, 184, 4432, 4940]  4635
[180, 184, 188, 4428]  4635
[180, 184, 188, 4426]  4573
[170, 180, 7062, 7092]  4691
[170, 184, 188, 4438]  4669
[170, 184, 188, 4434]  4571
[170, 184, 188, 4432]  4572
[170, 184, 188, 4428]  4603
[170, 184, 188, 4426]  4542
[184, 3404, 4404, 4438]  4518
[188, 4432, 4438, 4940]  4520
[180, 4434, 4436, 4940]  4504
[180, 184, 4430, 4940]  4539
[4428, 4434, 7062, 7112]  4521
[170, 188, 4436, 7062]  4506
[184, 4432, 4434, 4438]  4717
[184, 4432, 4434, 4436]  4562
[170, 4434, 4436, 4940]  4529
[4428, 4432, 4436, 4438]  4619
[184, 4426, 4436, 7062]  4549
[170, 184, 4430, 4940]  4506
[4428, 4434, 7062, 7092]  4606
[4432, 4436, 4940, 7062]  4522
[180, 188, 4434, 7062]  4569
[184, 4426, 4434, 7092]  4509
[180, 184, 4428, 4940]  4699
[170, 188, 4434, 7062]  4588
[4428, 4432, 4434, 4438]  4714
[4428, 4432, 4434, 4436]  4559
[184, 4426, 4434, 7062]  4631
[170, 184, 4428, 4940]  4666
[184, 4432, 4940, 7092]  4524
[4426, 4432, 7062, 7092]  4544
[180, 188, 4432, 7062]  4569
[184, 4426, 4432, 7092]  4515
[180, 4428, 4436, 4438]  4641
[180, 184, 4426, 4940]  4637
[184, 4432, 4940, 7062]  4634
[170, 188, 4432, 7062]  4588
[170, 4428, 4436, 4438]  4666
[184, 4426, 4432, 7062]  4636
[170, 184, 4426, 4940]  4605
[184, 188, 4436, 4438]  4511
[170, 4430, 7062, 7092]  4508
[184, 4428, 4438, 4940]  4688
[4426, 4430, 4434, 4438]  4527
[4428, 4432, 4940, 7092]  4518
[188, 4436, 4438, 7062]  4534
[180, 4428, 4434, 4438]  4723
[180, 4428, 4434, 4436]  4569
[188, 4428, 7062, 7092]  4503
[4428, 4432, 4940, 7062]  4632
[4432, 4436, 4438, 7092]  4529
[170, 4428, 4434, 4438]  4747
[170, 4428, 4434, 4436]  4594
[4426, 4940, 7062, 7092]  4522
[184, 4426, 4430, 7062]  4529
[184, 188, 4434, 4438]  4593
[184, 4428, 4436, 4940]  4510
[4426, 4430, 4432, 4438]  4547
[4432, 4436, 4438, 7062]  4655
[180, 188, 4428, 7062]  4600
[184, 4426, 4428, 7092]  4582
[188, 4426, 4434, 4438]  4511
[180, 4428, 4432, 4438]  4732
[170, 180, 188, 4940]  4549
[180, 4428, 4432, 4436]  4562
[180, 4428, 4432, 4434]  4657
[170, 188, 4428, 7062]  4619
[170, 4428, 4432, 4438]  4756
[180, 4428, 4940, 7092]  4555
[170, 4428, 4432, 4436]  4587
[170, 4428, 4432, 4434]  4681
[184, 4426, 4428, 7062]  4703
[184, 188, 4432, 4438]  4594
[184, 188, 4432, 4434]  4520
[184, 4428, 4434, 4940]  4591
[184, 4432, 4438, 7112]  4548
[170, 4428, 4940, 7092]  4574
[180, 4428, 4940, 7062]  4665
[180, 188, 4426, 7062]  4538
[188, 4426, 4432, 4438]  4517
[180, 4428, 4430, 4438]  4629
[184, 4432, 4438, 7092]  4642
[180, 4428, 4430, 4434]  4549
[180, 4428, 4430, 4432]  4570
[180, 184, 4436, 4438]  4720
[4430, 4434, 4438, 7062]  4616
[170, 4428, 4940, 7062]  4689
[170, 188, 4426, 7062]  4558
[184, 188, 4940, 7062]  4544
[170, 4428, 4430, 4438]  4653
[170, 4428, 4430, 4434]  4573
[170, 4428, 4430, 4432]  4594
[184, 4432, 4438, 7062]  4766
[170, 184, 4436, 4438]  4686
[184, 4428, 4432, 4940]  4600
[170, 7062, 7092, 7112]  4505
[4428, 4432, 4438, 7112]  4550
[180, 184, 188, 7092]  4556
[170, 180, 184, 4940]  4743
[4428, 4432, 4438, 7092]  4637
[180, 184, 4434, 4438]  4800
[180, 184, 4434, 4436]  4646
[170, 184, 188, 7092]  4524
[184, 188, 4428, 4438]  4624
[180, 184, 188, 7062]  4676
[184, 4432, 4436, 7062]  4597
[184, 188, 4428, 4434]  4527
[170, 184, 4434, 4438]  4765
[184, 188, 4428, 4432]  4535
[4428, 4432, 4438, 7062]  4765
[170, 184, 4434, 4436]  4612
[184, 4428, 4430, 4940]  4500
[170, 184, 188, 7062]  4644
[188, 4426, 4428, 4438]  4583
[184, 4432, 4434, 7092]  4568
[180, 184, 4432, 4438]  4801
[4436, 4438, 7062, 7112]  4516
[180, 184, 4432, 4436]  4631
[180, 184, 4940, 7112]  4535
[180, 184, 4432, 4434]  4726
[180, 4428, 4438, 7112]  4574
[184, 4438, 4940, 7112]  4524
[184, 188, 4426, 4438]  4562
[4436, 4438, 7062, 7092]  4593
[184, 4432, 4434, 7062]  4693
[170, 184, 4432, 4438]  4766
[180, 184, 4940, 7092]  4630
[4426, 4438, 7062, 7112]  4544
[4428, 4432, 4436, 7062]  4595
[170, 184, 4432, 4436]  4597
[170, 184, 4432, 4434]  4691
[170, 184, 4940, 7112]  4503
[184, 188, 4426, 4428]  4536
[180, 4428, 4438, 7092]  4673
[184, 4438, 4940, 7092]  4619
[170, 4428, 4438, 7112]  4599
[4426, 4438, 7062, 7092]  4634
[4426, 4430, 4438, 7062]  4585
[170, 184, 4940, 7092]  4597
[180, 184, 4940, 7062]  4741
[180, 4434, 4436, 4438]  4636
[4428, 4432, 4434, 7092]  4562
[170, 4428, 4438, 7092]  4691
[180, 4436, 7062, 7092]  4542
[180, 184, 4430, 4438]  4669
[184, 188, 4438, 7092]  4545
[180, 4428, 4438, 7062]  4796
[184, 4438, 4940, 7062]  4730
[180, 184, 4430, 4434]  4589
[180, 184, 4430, 4432]  4610
[170, 184, 4940, 7062]  4708
[170, 4434, 4436, 4438]  4661
[4428, 4438, 4940, 7112]  4517
[170, 4436, 7062, 7092]  4561
[170, 184, 4430, 4438]  4634
[4428, 4432, 4434, 7062]  4691
[170, 4428, 4438, 7062]  4820
[170, 184, 4430, 4434]  4554
[170, 184, 4430, 4432]  4575
[184, 188, 4438, 7062]  4665
[184, 4434, 4438, 4940]  4656
[4428, 4438, 4940, 7092]  4604
[4434, 4436, 7062, 7092]  4522
[170, 180, 4438, 4940]  4732
[170, 4428, 4436, 7092]  4518
[180, 184, 4428, 4438]  4831
[188, 4426, 4438, 7062]  4585
[180, 184, 4428, 4436]  4651
[180, 4428, 4436, 7062]  4617
[180, 184, 4428, 4434]  4733
[180, 184, 4428, 4432]  4742
[4428, 4438, 4940, 7062]  4719
[180, 184, 4428, 4430]  4639
[170, 184, 4428, 4438]  4796
[170, 184, 4428, 4436]  4617
[170, 4428, 4436, 7062]  4642
[170, 184, 4428, 4434]  4698
[170, 184, 4428, 4432]  4707
[170, 184, 4428, 4430]  4604
[184, 4434, 4436, 4940]  4504
[180, 4428, 4434, 7092]  4577
[170, 4428, 4434, 7112]  4512
[4428, 4434, 4438, 4940]  4645
[4432, 4434, 7062, 7112]  4515
[170, 180, 4436, 4940]  4555
[4426, 4430, 4434, 7062]  4507
[188, 4432, 4434, 4438]  4569
[170, 4428, 4434, 7092]  4595
[180, 184, 4426, 4438]  4763
[180, 184, 4426, 4436]  4583
[4432, 4434, 7062, 7092]  4598
[180, 4428, 4434, 7062]  4700
[180, 184, 4426, 4434]  4664
[180, 184, 4426, 4432]  4670
[180, 184, 4426, 4430]  4560
[180, 184, 265, 4438]  4524
[180, 184, 4426, 4428]  4737
[180, 4434, 4940, 7092]  4522
[170, 184, 4426, 4438]  4729
[170, 184, 4426, 4436]  4550
[180, 184, 4438, 7112]  4646
[170, 4428, 4434, 7062]  4724
[170, 184, 4426, 4434]  4630
[170, 184, 4426, 4432]  4636
[170, 184, 4426, 4430]  4526
[184, 188, 4434, 7062]  4569
[170, 184, 4426, 4428]  4703
[180, 4428, 4432, 7092]  4586
[180, 184, 4438, 7102]  4530
[170, 4428, 4432, 7112]  4518
[170, 4434, 4940, 7092]  4541
[180, 184, 4438, 7092]  4749
[170, 180, 4434, 4940]  4633
[4426, 4430, 4432, 7062]  4527
[180, 4434, 4940, 7062]  4633
[170, 184, 4438, 7112]  4612
[170, 4428, 4432, 7092]  4604
[4426, 4432, 4438, 4940]  4590
[180, 4428, 4432, 7062]  4708
[170, 184, 4438, 7092]  4714
[170, 4434, 4940, 7062]  4657
[180, 4438, 7092, 7112]  4508
[180, 184, 4438, 7062]  4874
[180, 4430, 4438, 4940]  4529
[170, 4428, 4432, 7062]  4732
[184, 188, 4432, 7062]  4569
[170, 4438, 7092, 7112]  4527
[170, 184, 4438, 7062]  4839
[184, 4428, 4436, 4438]  4641
[170, 4430, 4438, 4940]  4553
[180, 184, 4436, 7092]  4575
[170, 180, 4432, 4940]  4635
[170, 4428, 4430, 7092]  4501
[170, 180, 188, 4438]  4669
[170, 180, 188, 4434]  4571
[180, 4428, 4430, 7062]  4607
[170, 180, 188, 4432]  4572
[170, 184, 4436, 7092]  4541
[170, 180, 188, 4428]  4603
[170, 180, 188, 4426]  4542
[180, 184, 4436, 7062]  4695
[188, 4428, 4438, 4940]  4549
[180, 184, 4434, 7112]  4558
[170, 4428, 4430, 7062]  4631
[170, 184, 4436, 7062]  4661
[184, 4428, 4434, 4438]  4723
[184, 4428, 4434, 4436]  4569
[180, 184, 260, 4438]  4524
[180, 184, 4434, 7092]  4651
[170, 180, 4430, 4940]  4506
[4428, 4430, 7062, 7092]  4513
[170, 184, 4434, 7112]  4524
[4426, 4432, 4434, 4940]  4515
[170, 184, 4434, 7092]  4616
[180, 184, 4434, 7062]  4776
[180, 4434, 4438, 7112]  4548
[180, 184, 4432, 7112]  4558
[184, 188, 4428, 7062]  4600
[170, 184, 4434, 7062]  4741
[184, 4428, 4432, 4438]  4732
[180, 4434, 4438, 7092]  4641
[184, 4428, 4432, 4436]  4562
[184, 4428, 4432, 4434]  4657
[170, 4434, 4438, 7112]  4573
[180, 184, 4432, 7092]  4652
[170, 180, 4428, 4940]  4666
[170, 184, 4432, 7112]  4524
[4426, 4428, 7062, 7112]  4524
[4426, 4436, 4438, 7062]  4605
[170, 180, 184, 4438]  4875
[184, 4428, 4940, 7092]  4555
[170, 180, 184, 4436]  4696
[170, 4434, 4438, 7092]  4659
[170, 180, 184, 4434]  4775
[188, 4426, 4428, 7062]  4560
[170, 180, 184, 4432]  4776
[170, 180, 184, 4430]  4644
[170, 184, 4432, 7092]  4617
[4426, 4428, 7062, 7092]  4611
[180, 4434, 4438, 7062]  4766
[170, 180, 184, 4428]  4807
[170, 180, 184, 4426]  4740
[180, 184, 4432, 7062]  4776
[180, 4426, 7062, 7092]  4584
[170, 4426, 7062, 7112]  4514
[184, 4428, 4940, 7062]  4665
[170, 4434, 4438, 7062]  4790
[184, 188, 4426, 7062]  4538
[170, 184, 4432, 7062]  4741
[184, 4428, 4430, 4438]  4629
[184, 4428, 4430, 4434]  4549
[184, 4428, 4430, 4432]  4570
[180, 184, 4430, 7092]  4520
[170, 180, 4426, 4940]  4605
[170, 4426, 7062, 7092]  4603
[170, 4434, 4436, 7092]  4511
[188, 4432, 4438, 7062]  4618
[180, 4434, 4436, 7062]  4613
[180, 184, 4430, 7062]  4647
[180, 184, 4428, 7112]  4585
[170, 4434, 4436, 7062]  4638
[170, 184, 4430, 7062]  4612
[4438, 7062, 7092, 7112]  4537
[180, 184, 4428, 7092]  4684
[170, 184, 4428, 7112]  4551
[170, 184, 4428, 7092]  4649
[180, 184, 4428, 7062]  4807
[180, 184, 4426, 7112]  4522
[170, 184, 4428, 7062]  4772
[180, 184, 4426, 7092]  4617
[184, 4428, 4438, 7112]  4574
[188, 4432, 4434, 7062]  4545
[170, 184, 4426, 7092]  4583
[180, 184, 4426, 7062]  4739
[184, 4428, 4438, 7092]  4673
[180, 4436, 4438, 4940]  4577
[4430, 4438, 7062, 7092]  4540
[170, 184, 4426, 7062]  4705
[184, 4434, 4436, 4438]  4636
[170, 4436, 4438, 4940]  4602
[184, 4436, 7062, 7092]  4542
[184, 4428, 4438, 7062]  4796
[188, 4438, 4940, 7062]  4590
[170, 180, 4436, 4438]  4686
[4434, 4436, 4438, 4940]  4559
[188, 4434, 4438, 4940]  4517
[4432, 4438, 4940, 7092]  4575
[170, 180, 188, 7092]  4524
[4428, 4434, 4436, 4438]  4625
[184, 4428, 4436, 7062]  4617
[4428, 4436, 7062, 7092]  4527
[170, 180, 4434, 4438]  4765
[170, 180, 4434, 4436]  4612
[4432, 4438, 4940, 7062]  4690
[170, 180, 188, 7062]  4644
[184, 4428, 4434, 7092]  4577
[4432, 4434, 4438, 4940]  4640
[184, 4428, 4434, 7062]  4700
[170, 180, 4432, 4438]  4766
[170, 180, 4432, 4436]  4597
[170, 180, 4432, 4434]  4691
[170, 180, 4940, 7112]  4503
[184, 4434, 4940, 7092]  4522
[4426, 4432, 4436, 4438]  4547
[180, 4432, 7062, 7112]  4524
[4426, 4434, 7062, 7092]  4538
[170, 180, 4940, 7092]  4597
[184, 4428, 4432, 7092]  4586
[170, 180, 184, 7112]  4623
[180, 4432, 7062, 7092]  4619
[3404, 4404, 4428, 4438]  4507
[170, 180, 184, 7102]  4505
[170, 4432, 7062, 7112]  4549
[184, 4434, 4940, 7062]  4633
[170, 180, 184, 7092]  4725
[170, 180, 4940, 7062]  4708
[4430, 4432, 4438, 4940]  4525
[170, 4430, 4436, 4438]  4514
[180, 184, 7092, 7112]  4519
[184, 4428, 4432, 7062]  4708
[170, 180, 4430, 4438]  4634
[170, 4432, 7062, 7092]  4637
[170, 180, 4430, 4434]  4554
[180, 260, 265, 4438]  4524
[170, 180, 4430, 4432]  4575
[184, 4438, 7092, 7112]  4508
[180, 184, 4404, 4438]  4518
[184, 4430, 4438, 4940]  4529
[4426, 4432, 4434, 4438]  4642
[4428, 4434, 4940, 7092]  4508
[170, 180, 184, 7062]  4850
[170, 260, 265, 4438]  4551
[180, 4430, 4434, 4438]  4580
[4428, 4434, 4940, 7062]  4623
[170, 4430, 4434, 4438]  4604
[180, 4940, 7062, 7112]  4501
[184, 4428, 4430, 7062]  4607
[170, 180, 4428, 4438]  4796
[170, 180, 4428, 4436]  4617
[170, 180, 4428, 4434]  4698
[170, 180, 4428, 4432]  4707
[170, 180, 4428, 4430]  4604
[180, 4940, 7062, 7092]  4597
[4428, 4430, 4438, 4940]  4554
[170, 4940, 7062, 7112]  4526
[188, 4428, 4434, 4438]  4574
[170, 260, 4438, 7062]  4518
[180, 4430, 4432, 4438]  4600
[180, 4430, 4432, 4434]  4528
[170, 4940, 7062, 7092]  4616
[3404, 4404, 4438, 7062]  4544
[170, 4430, 4432, 4438]  4624
[4434, 4940, 7062, 7092]  4551
[170, 4430, 4432, 4434]  4552
[170, 180, 4426, 4438]  4729
[170, 180, 4426, 4436]  4550
[170, 180, 4426, 4434]  4630
[170, 180, 4426, 4432]  4636
[4426, 4432, 4940, 7062]  4567
[170, 180, 4426, 4430]  4526
[170, 180, 4426, 4428]  4703
[184, 4434, 4438, 7112]  4548
[180, 4430, 4940, 7062]  4508
[170, 180, 4438, 7112]  4612
[188, 4428, 4432, 4438]  4583
[184, 4434, 4438, 7092]  4641
[188, 4428, 4432, 4434]  4508
[4426, 4428, 4438, 4940]  4656
[170, 180, 4438, 7092]  4714
[4430, 4436, 4438, 7062]  4524
[170, 4430, 4940, 7062]  4532
[180, 188, 7062, 7092]  4522
[180, 4426, 4438, 4940]  4626
[184, 4434, 4438, 7062]  4766
[170, 188, 7062, 7092]  4537
[170, 180, 4438, 7062]  4839
[170, 4426, 4438, 4940]  4651
[4428, 4434, 4438, 7112]  4543
[184, 4426, 7062, 7092]  4584
[188, 4428, 4940, 7062]  4526
[4428, 4434, 4438, 7092]  4627
[170, 180, 4436, 7092]  4541
[184, 4434, 4436, 7062]  4613
[4428, 4434, 4438, 7062]  4756
[170, 180, 4436, 7062]  4661
[170, 180, 4434, 7112]  4524
[4426, 4428, 4434, 4940]  4558
[170, 180, 4434, 7092]  4616
[180, 184, 3404, 4438]  4518
[180, 4426, 4434, 4940]  4528
[4426, 4432, 4438, 7092]  4566
[4428, 4434, 4436, 7062]  4603
[170, 180, 4434, 7062]  4741
[180, 4430, 4438, 7092]  4510
[170, 4426, 4434, 4940]  4553
[180, 4438, 7062, 7112]  4611
[180, 184, 3404, 4404]  4526
[170, 180, 4432, 7112]  4524
[4426, 4432, 4438, 7062]  4693
[4426, 4428, 4432, 4940]  4569
[170, 4430, 4438, 7092]  4528
[180, 4438, 7062, 7092]  4715
[170, 180, 4432, 7092]  4617
[170, 4438, 7062, 7112]  4636
[180, 4430, 4438, 7062]  4637
[170, 4438, 7062, 7102]  4524
[180, 4426, 4432, 4940]  4535
[170, 4438, 7062, 7092]  4733
[4434, 4438, 7062, 7112]  4582
[170, 4430, 4438, 7062]  4661
[170, 180, 4432, 7062]  4741
[4434, 4438, 7062, 7102]  4500
[188, 4428, 4438, 7092]  4525
[184, 4436, 4438, 4940]  4577
[170, 4426, 4432, 4940]  4560
[4434, 4438, 7062, 7092]  4670
[4426, 4432, 4436, 7062]  4523
[188, 4428, 4438, 7062]  4647
[170, 180, 4430, 7062]  4612
[4428, 4436, 4438, 4940]  4564
[170, 180, 4428, 7112]  4551
[4426, 4432, 4434, 7062]  4619
[4432, 4434, 4436, 4438]  4620
[170, 260, 265, 7062]  4525
[4426, 4438, 4940, 7092]  4543
[170, 180, 4428, 7092]  4649
[4432, 4436, 7062, 7092]  4506
[180, 4430, 4434, 7062]  4559
[4436, 4438, 4940, 7062]  4608
[180, 4426, 4428, 4940]  4602
[170, 4430, 4434, 7062]  4583
[4426, 4438, 4940, 7062]  4657
[170, 180, 4428, 7062]  4772
[170, 4426, 4428, 4940]  4627
[180, 4436, 4940, 7062]  4553
[4426, 4434, 4438, 4940]  4582
[188, 4428, 4434, 7062]  4551
[170, 180, 4426, 7092]  4583
[180, 4430, 4432, 7062]  4579
[170, 4436, 4940, 7062]  4578
[180, 4432, 4438, 4940]  4658
[184, 4432, 7062, 7112]  4524
[170, 4430, 4432, 7062]  4603
[4434, 4436, 4940, 7062]  4537
[170, 180, 4426, 7062]  4705
[170, 3404, 4438, 7062]  4510
[170, 4432, 4438, 4940]  4682
[184, 4432, 7062, 7092]  4619
[180, 184, 260, 265]  4531
[188, 4428, 4432, 7062]  4559
[184, 260, 265, 4438]  4524
[170, 184, 260, 265]  4506
[4430, 4432, 4434, 4438]  4585
[4432, 4434, 4940, 7092]  4501
[4428, 4432, 7062, 7112]  4527
[184, 4430, 4434, 4438]  4580
[170, 4432, 4436, 4940]  4515
[4428, 4430, 4436, 4438]  4515
[4428, 4432, 7062, 7092]  4615
[4432, 4434, 4940, 7062]  4617
[184, 4940, 7062, 7112]  4501
[170, 180, 184, 265]  4506
[180, 4432, 4434, 4940]  4584
[170, 180, 184, 260]  4506
[184, 4940, 7062, 7092]  4597
[184, 4430, 4432, 4438]  4600
[180, 4436, 4438, 7092]  4565
[170, 4432, 4434, 4940]  4608
[184, 4430, 4432, 4434]  4528
[4428, 4430, 4434, 4438]  4606
[170, 4436, 4438, 7112]  4509
[4438, 4940, 7062, 7112]  4556
[170, 4436, 4438, 7092]  4584
[4438, 4940, 7062, 7092]  4647
[4426, 4428, 4436, 4438]  4602
[180, 4428, 7062, 7112]  4551
[180, 4436, 4438, 7062]  4685
[4430, 4432, 4940, 7062]  4505
[180, 4426, 4436, 4438]  4573
[4434, 4436, 4438, 7092]  4543
[4428, 4940, 7062, 7092]  4583
[180, 4428, 7062, 7092]  4651
[170, 180, 184, 188]  4680
[180, 188, 4438, 4940]  4568
[170, 4428, 7062, 7112]  4576
[184, 4430, 4940, 7062]  4508
[170, 4436, 4438, 7062]  4710
[4428, 4430, 4432, 4438]  4626
[170, 4426, 4436, 4438]  4599
[4428, 4430, 4432, 4434]  4554
[170, 4428, 7062, 7092]  4669
[4434, 4436, 4438, 7062]  4670
[170, 188, 4438, 4940]  4587
[184, 188, 7062, 7092]  4522
[184, 4426, 4438, 4940]  4626
[4426, 4428, 4434, 4438]  4684
[4426, 4428, 4434, 4436]  4530
[188, 4434, 4438, 7062]  4617
[170, 4404, 4438, 7062]  4510
[180, 4426, 4434, 4438]  4654
[180, 4426, 4434, 4436]  4500
[4432, 4434, 4438, 7112]  4538
[4428, 4430, 4940, 7062]  4533
[4432, 4434, 4438, 7092]  4620
[170, 4426, 4434, 4438]  4679
[170, 4426, 4434, 4436]  4526
[4426, 4428, 4432, 4438]  4695
[4426, 4428, 4432, 4436]  4524
[4426, 4428, 4432, 4434]  4619
[4432, 4434, 4438, 7062]  4751
[180, 4426, 4432, 4438]  4660
[180, 4426, 4432, 4434]  4585
[4426, 4428, 4940, 7092]  4520
[170, 4426, 4432, 4438]  4685
[170, 4426, 4432, 4436]  4516
[170, 4426, 4432, 4434]  4610
[4426, 4428, 4940, 7062]  4634
[184, 4426, 4434, 4940]  4528
[4426, 4428, 4430, 4438]  4594
[4430, 4432, 4438, 7092]  4502
[170, 4426, 4940, 7092]  4514
[4426, 4428, 4430, 4434]  4514
[4426, 4428, 4430, 4432]  4535
[4432, 4434, 4436, 7062]  4597
[180, 4426, 4940, 7062]  4603
[180, 184, 7062, 7112]  4622
[180, 4426, 4430, 4438]  4550
[184, 4430, 4438, 7092]  4510
[180, 184, 7062, 7102]  4504
[184, 4438, 7062, 7112]  4611
[4430, 4432, 4438, 7062]  4635
[170, 4426, 4940, 7062]  4628
[180, 184, 7062, 7092]  4726
[170, 184, 7062, 7112]  4588
[170, 4426, 4430, 4438]  4575
[184, 4438, 7062, 7092]  4715
[170, 4426, 4430, 4432]  4516
[184, 4430, 4438, 7062]  4637
[170, 184, 7062, 7092]  4691
[184, 4426, 4432, 4940]  4535
[180, 4426, 4428, 4438]  4726
[180, 4426, 4428, 4436]  4546
[180, 4426, 4428, 4434]  4628
[4428, 4430, 4438, 7092]  4533
[180, 4426, 4428, 4432]  4638
[180, 4426, 4428, 4430]  4538
[4428, 4438, 7062, 7112]  4607
[170, 4426, 4428, 4438]  4751
[170, 4426, 4428, 4436]  4572
[170, 4426, 4428, 4434]  4653
[170, 4426, 4428, 4432]  4663
[170, 4426, 4428, 4430]  4563
[4428, 4438, 7062, 7092]  4701
[4428, 4430, 4438, 7062]  4663
[170, 4426, 4432, 4436, 4438]  4507
[184, 4426, 4432, 4438, 7062]  4626
[184, 4426, 4428, 4432, 4940]  4504
[170, 184, 4428, 4432, 7092]  4551
[180, 184, 4940, 7062, 7092]  4597
[4428, 4432, 4434, 4436, 4438]  4550
[170, 180, 4432, 7062, 7092]  4584
[4426, 4428, 4432, 4438, 7062]  4662
[170, 184, 4434, 4940, 7062]  4600
[4428, 4436, 4438, 4940, 7062]  4531
[180, 184, 4430, 4432, 4438]  4600
[180, 184, 4430, 4432, 4434]  4528
[180, 4428, 4430, 4434, 4438]  4540
[184, 4434, 4438, 7062, 7112]  4515
[170, 184, 4428, 4432, 7062]  4673
[184, 4434, 4438, 7062, 7092]  4609
[180, 4426, 4428, 4436, 4438]  4536
[180, 4438, 4940, 7062, 7092]  4586
[170, 4426, 4432, 4434, 4438]  4601
[170, 180, 4430, 4434, 4438]  4545
[184, 188, 4428, 4438, 7062]  4589
[180, 4428, 4940, 7062, 7092]  4523
[180, 184, 4430, 4940, 7062]  4508
[170, 4428, 4434, 4940, 7062]  4583
[180, 4428, 4430, 4432, 4438]  4560
[170, 184, 4428, 4430, 7062]  4572
[180, 4434, 4436, 4438, 7062]  4603
[180, 184, 188, 7062, 7092]  4522
[184, 4428, 4436, 4438, 4940]  4500
[180, 184, 4426, 4438, 4940]  4626
[180, 4426, 4428, 4434, 4438]  4618
[170, 4428, 4430, 4438, 4940]  4514
[170, 180, 4940, 7062, 7092]  4564
[184, 4426, 4432, 4434, 7062]  4553
[180, 188, 4434, 4438, 7062]  4559
[184, 4432, 4434, 4436, 4438]  4553
[170, 188, 4428, 4434, 4438]  4536
[170, 180, 4430, 4432, 4438]  4565
[184, 4436, 4438, 4940, 7062]  4543
[4426, 4428, 4432, 4434, 7062]  4588
[170, 3404, 4404, 4438, 7062]  4510
[180, 4432, 4434, 4438, 7092]  4559
[4426, 4428, 4438, 4940, 7092]  4509
[170, 4434, 4940, 7062, 7092]  4510
[4428, 4430, 4432, 4434, 4438]  4545
[184, 4426, 4438, 4940, 7062]  4592
[170, 4426, 4432, 4940, 7062]  4527
[180, 4426, 4428, 4432, 4438]  4628
[170, 184, 4434, 4438, 7112]  4514
[180, 4426, 4428, 4432, 4434]  4553
[180, 4432, 4434, 4438, 7062]  4684
[4426, 4428, 4438, 4940, 7062]  4623
[4428, 4432, 4434, 4940, 7062]  4549
[184, 4426, 4434, 4438, 4940]  4518
[170, 188, 4428, 4432, 4438]  4544
[170, 184, 4434, 4438, 7092]  4606
[170, 4426, 4428, 4438, 4940]  4616
[4426, 4428, 4434, 4438, 4940]  4548
[170, 180, 4426, 4438, 4940]  4594
[170, 184, 4434, 4438, 7062]  4731
[180, 4426, 4428, 4940, 7062]  4569
[180, 184, 4426, 4434, 4940]  4528
[188, 4428, 4434, 4438, 7062]  4541
[180, 4426, 4428, 4430, 4438]  4528
[170, 4428, 4434, 4438, 7112]  4502
[170, 184, 4426, 7062, 7092]  4550
[4432, 4434, 4438, 7062, 7112]  4506
[180, 4432, 4434, 4436, 7062]  4530
[180, 184, 4430, 4438, 7092]  4510
[184, 188, 4428, 4432, 7062]  4501
[170, 4428, 4434, 4438, 7092]  4585
[180, 184, 4438, 7062, 7112]  4611
[4432, 4434, 4438, 7062, 7092]  4589
[4428, 4438, 4940, 7062, 7092]  4572
[180, 4430, 4432, 4438, 7062]  4569
[184, 4430, 4432, 4434, 4438]  4519
[180, 184, 4438, 7062, 7092]  4715
[180, 184, 4430, 4438, 7062]  4637
[170, 184, 4434, 4436, 7062]  4579
[170, 4428, 4434, 4438, 7062]  4714
[180, 184, 4426, 4432, 4940]  4535
[184, 4428, 4432, 7062, 7092]  4554
[184, 4432, 4434, 4940, 7062]  4552
[4428, 4434, 4436, 4438, 7062]  4593
[170, 4426, 4428, 4434, 4940]  4519
[180, 4428, 4438, 7062, 7112]  4540
[170, 4426, 4432, 4438, 7092]  4524
[180, 4428, 4438, 7062, 7092]  4640
[180, 4428, 4430, 4438, 7062]  4597
[4432, 4436, 4438, 4940, 7062]  4513
[170, 4428, 4434, 4436, 7062]  4562
[184, 4428, 4430, 4434, 4438]  4540
[4428, 4432, 4434, 4438, 7092]  4553
[170, 180, 4438, 7062, 7112]  4577
[170, 4426, 4432, 4438, 7062]  4651
[184, 4438, 4940, 7062, 7092]  4586
[184, 4426, 4428, 4436, 4438]  4536
[170, 4426, 4428, 4432, 4940]  4529
[170, 180, 4438, 7062, 7092]  4680
[170, 180, 4430, 4438, 7062]  4602
[4428, 4432, 4434, 4438, 7062]  4682
[184, 4428, 4940, 7062, 7092]  4523
[170, 180, 4426, 4432, 4940]  4503
[180, 4426, 4428, 4438, 7092]  4571
[180, 184, 4430, 4434, 7062]  4559
[170, 4434, 4438, 7062, 7112]  4540
[184, 4428, 4430, 4432, 4438]  4560
[180, 184, 4426, 4428, 4940]  4602
[170, 184, 4436, 4438, 4940]  4545
[184, 4434, 4436, 4438, 7062]  4603
[170, 4434, 4438, 7062, 7092]  4627
[180, 4426, 4428, 4438, 7062]  4692
[184, 4426, 4428, 4434, 4438]  4618
[184, 188, 4434, 4438, 7062]  4559
[180, 184, 4436, 4940, 7062]  4553
[170, 188, 4428, 4438, 7062]  4608
[4428, 4432, 4434, 4436, 7062]  4528
[180, 184, 4430, 4432, 7062]  4579
[180, 4428, 4430, 4434, 7062]  4519
[4428, 4430, 4432, 4438, 7062]  4595
[184, 4432, 4434, 4438, 7092]  4559
[180, 184, 4432, 4438, 4940]  4658
[170, 4428, 4436, 4438, 4940]  4525
[180, 4426, 4428, 4436, 7062]  4513
[170, 4426, 4432, 4434, 7062]  4578
[184, 4426, 4428, 4432, 4438]  4628
[184, 4426, 4428, 4432, 4434]  4553
[170, 4432, 4434, 4436, 4438]  4578
[184, 4432, 4434, 4438, 7062]  4684
[170, 4426, 4438, 4940, 7092]  4503
[170, 180, 4430, 4434, 7062]  4524
[170, 4436, 4438, 4940, 7062]  4568
[170, 180, 4426, 4428, 4940]  4570
[180, 4428, 4430, 4432, 7062]  4539
[170, 4426, 4438, 4940, 7062]  4617
[180, 4428, 4432, 4438, 4940]  4590
[184, 4426, 4428, 4940, 7062]  4569
[180, 4426, 4428, 4434, 7062]  4596
[170, 180, 4436, 4940, 7062]  4521
[184, 4426, 4428, 4430, 4438]  4528
[184, 4432, 4434, 4436, 7062]  4530
[170, 4426, 4434, 4438, 4940]  4543
[170, 188, 4428, 4434, 7062]  4513
[170, 180, 4430, 4432, 7062]  4544
[170, 180, 4432, 4438, 4940]  4625
[4432, 4438, 4940, 7062, 7092]  4543
[184, 4430, 4432, 4438, 7062]  4569
[4428, 4430, 4432, 4434, 7062]  4525
[180, 184, 4432, 4434, 4940]  4584
[170, 184, 4432, 7062, 7092]  4584
[180, 4426, 4428, 4432, 7062]  4605
[180, 184, 4436, 4438, 7092]  4565
[170, 180, 184, 260, 265]  4506
[170, 188, 4428, 4432, 7062]  4520
[4432, 4434, 4436, 4438, 7062]  4588
[4428, 4430, 4438, 4940, 7062]  4523
[184, 4428, 4438, 7062, 7112]  4540
[170, 4430, 4432, 4434, 4438]  4543
[180, 184, 4428, 7062, 7112]  4551
[180, 184, 4436, 4438, 7062]  4685
[180, 184, 4426, 4436, 4438]  4573
[170, 184, 4430, 4434, 4438]  4545
[180, 4428, 4432, 4434, 4940]  4516
[184, 4428, 4438, 7062, 7092]  4640
[180, 184, 4428, 7062, 7092]  4651
[184, 4428, 4430, 4438, 7062]  4597
[180, 184, 188, 4438, 4940]  4568
[180, 4426, 4428, 4430, 7062]  4507
[170, 4428, 4432, 7062, 7092]  4572
[170, 4432, 4434, 4940, 7062]  4576
[170, 180, 4432, 4434, 4940]  4551
[170, 184, 4940, 7062, 7092]  4564
[180, 4428, 4436, 4438, 7062]  4607
[4434, 4436, 4438, 7062, 7092]  4512
[184, 4426, 4428, 4438, 7092]  4571
[180, 184, 4426, 4434, 4438]  4654
[170, 184, 4430, 4432, 4438]  4565
[180, 184, 4426, 4434, 4436]  4500
[170, 180, 4436, 4438, 7092]  4531
[170, 4428, 4430, 4434, 4438]  4564
[170, 4438, 4940, 7062, 7112]  4515
[170, 4426, 4428, 4436, 4438]  4562
[170, 4438, 4940, 7062, 7092]  4605
[184, 4426, 4428, 4438, 7062]  4692
[170, 180, 4428, 7062, 7112]  4517
[170, 180, 4436, 4438, 7062]  4651
[4426, 4428, 4434, 4436, 4438]  4520
[170, 180, 4426, 4436, 4438]  4540
[170, 4434, 4436, 4438, 7092]  4501
[170, 4428, 4940, 7062, 7092]  4542
[170, 180, 4428, 7062, 7092]  4616
[4426, 4432, 4438, 4940, 7062]  4557
[170, 180, 188, 4438, 4940]  4538
[180, 184, 4426, 4432, 4438]  4660
[180, 184, 4426, 4432, 4434]  4585
[170, 4428, 4430, 4432, 4438]  4584
[184, 4428, 4430, 4434, 7062]  4519
[170, 4428, 4430, 4432, 4434]  4512
[180, 4426, 4434, 4438, 7062]  4621
[170, 4434, 4436, 4438, 7062]  4628
[4426, 4432, 4434, 4438, 4940]  4506
[170, 184, 4426, 4438, 4940]  4594
[170, 4426, 4428, 4434, 4438]  4643
[184, 4426, 4428, 4436, 7062]  4513
[170, 188, 4434, 4438, 7062]  4578
[188, 4432, 4434, 4438, 7062]  4536
[170, 180, 4426, 4434, 4438]  4620
[180, 184, 4426, 4940, 7062]  4603
[180, 184, 4426, 4430, 4438]  4550
[184, 4428, 4430, 4432, 7062]  4539
[170, 4432, 4434, 4438, 7092]  4577
[184, 4428, 4432, 4438, 4940]  4590
[170, 4426, 4428, 4432, 4438]  4653
[180, 188, 4438, 7062, 7092]  4511
[184, 4426, 4428, 4434, 7062]  4596
[170, 4426, 4428, 4432, 4434]  4578
[170, 4432, 4434, 4438, 7062]  4708
[170, 180, 4426, 4432, 4438]  4626
[170, 180, 4426, 4432, 4434]  4551
[180, 184, 4426, 4428, 4438]  4726
[180, 184, 4426, 4428, 4436]  4546
[180, 184, 4426, 4428, 4434]  4628
[180, 184, 4426, 4428, 4432]  4638
[180, 184, 4426, 4428, 4430]  4538
[180, 4432, 4438, 7062, 7112]  4514
[170, 4426, 4428, 4940, 7062]  4594
[170, 4426, 4428, 4430, 4438]  4553
[184, 4426, 4428, 4432, 7062]  4605
[180, 4432, 4438, 7062, 7092]  4609
[4426, 4428, 4434, 4940, 7062]  4527
[170, 4432, 4434, 4436, 7062]  4555
[170, 180, 4426, 4940, 7062]  4571
[170, 180, 184, 7062, 7112]  4588
[170, 180, 4426, 4430, 4438]  4516
[170, 184, 4438, 7062, 7112]  4577
[170, 4430, 4432, 4438, 7062]  4593
[170, 180, 184, 7062, 7092]  4691
[180, 184, 188, 4428, 4940]  4504
[170, 184, 4438, 7062, 7092]  4680
[170, 184, 4430, 4438, 7062]  4602
[184, 4428, 4432, 4434, 4940]  4516
[180, 184, 4426, 4438, 7112]  4511
[170, 184, 4426, 4432, 4940]  4503
[180, 4434, 4438, 4940, 7092]  4512
[184, 4426, 4428, 4430, 7062]  4507
[180, 184, 4426, 4438, 7092]  4606
[170, 180, 4426, 4428, 4438]  4692
[170, 180, 4426, 4428, 4436]  4513
[170, 180, 4426, 4428, 4434]  4594
[170, 180, 4426, 4428, 4432]  4604
[180, 184, 4434, 7062, 7112]  4525
[170, 180, 4426, 4428, 4430]  4504
[170, 4428, 4438, 7062, 7112]  4565
[180, 4434, 4438, 4940, 7062]  4623
[180, 184, 4432, 4436, 4438]  4622
[180, 184, 4434, 7062, 7092]  4619
[184, 4428, 4436, 4438, 7062]  4607
[180, 184, 4426, 4438, 7062]  4728
[170, 4428, 4438, 7062, 7092]  4658
[170, 4428, 4430, 4438, 7062]  4621
[180, 184, 3404, 4404, 4438]  4518
[188, 4426, 4428, 4438, 7062]  4549
[170, 4432, 4436, 4438, 4940]  4506
[170, 4426, 4428, 4438, 7112]  4505
[170, 4430, 4432, 4434, 7062]  4523
[180, 184, 4432, 4434, 4438]  4717
[180, 184, 4432, 4434, 4436]  4562
[180, 4428, 4432, 4436, 4438]  4553
[170, 4426, 4428, 4438, 7092]  4590
[180, 184, 4426, 4436, 7062]  4549
[180, 4428, 4434, 7062, 7092]  4546
[170, 184, 4430, 4434, 7062]  4524
[170, 184, 4426, 4428, 4940]  4570
[4426, 4428, 4434, 4438, 7092]  4525
[170, 180, 4426, 4438, 7092]  4572
[170, 4426, 4434, 4436, 4438]  4516
[184, 4426, 4434, 4438, 7062]  4621
[4428, 4432, 4438, 7062, 7112]  4517
[170, 4426, 4428, 4438, 7062]  4717
[170, 4430, 4438, 4940, 7062]  4522
[180, 184, 4426, 4434, 7092]  4509
[170, 180, 4432, 4436, 4438]  4588
[170, 180, 4434, 7062, 7092]  4584
[4426, 4428, 4434, 4438, 7062]  4652
[170, 180, 4426, 4438, 7062]  4694
[4428, 4432, 4438, 7062, 7092]  4605
[170, 184, 4436, 4940, 7062]  4521
[180, 4428, 4432, 4434, 4438]  4648
[180, 184, 4426, 4434, 7062]  4631
[170, 184, 4430, 4432, 7062]  4544
[170, 4428, 4430, 4434, 7062]  4543
[180, 184, 4432, 4940, 7092]  4524
[170, 184, 4432, 4438, 4940]  4625
[170, 4426, 4428, 4436, 7062]  4539
[180, 184, 4426, 4432, 7092]  4515
[184, 188, 4438, 7062, 7092]  4511
[170, 180, 4432, 4434, 4438]  4682
[170, 180, 4432, 4434, 4436]  4528
[180, 184, 4432, 4940, 7062]  4634
[170, 180, 4426, 4436, 7062]  4516
[170, 4428, 4436, 4940, 7062]  4502
[180, 184, 4426, 4432, 7062]  4636
[180, 184, 188, 4436, 4438]  4511
[170, 4428, 4430, 4432, 7062]  4563
[4428, 4434, 4438, 4940, 7062]  4613
[180, 184, 4428, 4438, 4940]  4688
[170, 180, 184, 188, 4940]  4549
[170, 260, 265, 4438, 7062]  4518
[184, 4432, 4438, 7062, 7112]  4514
[170, 4428, 4432, 4438, 4940]  4614
[170, 4426, 4428, 4434, 7062]  4621
[184, 4432, 4438, 7062, 7092]  4609
[170, 180, 4426, 4434, 7062]  4597
[180, 4428, 4432, 4940, 7062]  4567
[170, 4426, 4428, 4432, 7092]  4504
[4426, 4434, 4438, 7062, 7092]  4528
[180, 184, 4426, 4430, 7062]  4529
[180, 184, 188, 4434, 4438]  4593
[170, 4426, 4434, 4940, 7062]  4521
[180, 184, 4428, 4436, 4940]  4510
[170, 184, 4432, 4434, 4940]  4551
[180, 4432, 4436, 4438, 7062]  4588
[170, 4426, 4428, 4432, 7062]  4630
[170, 180, 4432, 4940, 7062]  4601
[180, 184, 4426, 4428, 7092]  4582
[184, 4434, 4438, 4940, 7092]  4512
[170, 184, 4436, 4438, 7092]  4531
[170, 180, 4426, 4432, 7062]  4602
[170, 180, 4428, 4438, 4940]  4655
[180, 184, 4426, 4428, 7062]  4703
[180, 184, 188, 4432, 4438]  4594
[184, 4434, 4438, 4940, 7062]  4623
[170, 184, 4428, 7062, 7112]  4517
[180, 184, 188, 4432, 4434]  4520
[170, 184, 4436, 4438, 7062]  4651
[180, 184, 4428, 4434, 4940]  4591
[180, 184, 4432, 4438, 7112]  4548
[170, 184, 4426, 4436, 4438]  4540
[170, 4428, 4432, 4434, 4940]  4540
[170, 4432, 4940, 7062, 7092]  4511
[170, 184, 4428, 7062, 7092]  4616
[170, 184, 188, 4438, 4940]  4538
[170, 4426, 4428, 4430, 7062]  4532
[180, 184, 4432, 4438, 7092]  4642
[170, 4428, 4436, 4438, 7092]  4508
[170, 180, 188, 4434, 4438]  4561
[180, 4430, 4434, 4438, 7062]  4550
[180, 184, 188, 4940, 7062]  4544
[180, 184, 4432, 4438, 7062]  4766
[170, 4428, 4436, 4438, 7062]  4632
[184, 4428, 4432, 4436, 4438]  4553
[180, 184, 4428, 4432, 4940]  4600
[170, 180, 4426, 4428, 7092]  4548
[170, 184, 4426, 4434, 4438]  4620
[184, 4428, 4434, 7062, 7092]  4546
[180, 4428, 4432, 4438, 7092]  4576
[170, 180, 4426, 4428, 7062]  4669
[170, 180, 188, 4432, 4438]  4562
[170, 180, 4428, 4434, 4940]  4558
[170, 180, 4432, 4438, 7112]  4514
[180, 184, 188, 4428, 4438]  4624
[170, 4426, 4434, 4438, 7092]  4518
[180, 184, 4432, 4436, 7062]  4597
[180, 184, 188, 4428, 4434]  4527
[180, 184, 188, 4428, 4432]  4535
[180, 4428, 4432, 4438, 7062]  4698
[184, 4428, 4432, 4434, 4438]  4648
[180, 184, 4428, 4430, 4940]  4500
[170, 184, 4426, 4432, 4438]  4626
[170, 180, 4432, 4438, 7092]  4607
[170, 184, 4426, 4432, 4434]  4551
[170, 4426, 4434, 4438, 7062]  4646
[180, 188, 4426, 4428, 4438]  4525
[180, 184, 4432, 4434, 7092]  4568
[170, 180, 188, 4940, 7062]  4514
[170, 180, 4432, 4438, 7062]  4731
[4428, 4432, 4436, 4438, 7062]  4586
[170, 180, 4428, 4432, 4940]  4567
[180, 184, 4438, 4940, 7112]  4524
[180, 184, 188, 4426, 4438]  4562
[4426, 4428, 4432, 7062, 7092]  4515
[180, 4436, 4438, 7062, 7092]  4532
[180, 184, 4432, 4434, 7062]  4693
[180, 4428, 4432, 4436, 7062]  4529
[170, 180, 184, 4438, 4940]  4732
[170, 184, 4426, 4940, 7062]  4571
[180, 184, 188, 4426, 4428]  4536
[170, 184, 4426, 4430, 4438]  4516
[180, 184, 4438, 4940, 7092]  4619
[180, 4426, 4438, 7062, 7092]  4573
[180, 4426, 4430, 4438, 7062]  4519
[4432, 4434, 4438, 4940, 7062]  4608
[180, 4428, 4432, 4434, 7092]  4502
[170, 188, 4438, 7062, 7092]  4526
[180, 184, 188, 4438, 7092]  4545
[170, 180, 188, 4428, 4438]  4592
[180, 184, 4438, 4940, 7062]  4730
[170, 180, 4432, 4436, 7062]  4563
[170, 180, 188, 4428, 4432]  4503
[4426, 4428, 4430, 4434, 4438]  4505
[184, 4428, 4432, 4940, 7062]  4567
[180, 4428, 4432, 4434, 7062]  4625
[170, 180, 184, 4436, 4940]  4555
[180, 184, 188, 4438, 7062]  4665
[4428, 4430, 4434, 4438, 7062]  4576
[180, 184, 4434, 4438, 4940]  4656
[170, 184, 4426, 4428, 4438]  4692
[4426, 4438, 4940, 7062, 7092]  4511
[170, 180, 4432, 4434, 7092]  4533
[170, 184, 4426, 4428, 4436]  4513
[170, 184, 4426, 4428, 4434]  4594
[180, 4428, 4438, 4940, 7092]  4544
[170, 184, 4426, 4428, 4432]  4604
[170, 184, 4426, 4428, 4430]  4504
[170, 4432, 4438, 7062, 7112]  4539
[184, 4432, 4436, 4438, 7062]  4588
[180, 188, 4426, 4438, 7062]  4527
[170, 180, 188, 4426, 4438]  4531
[170, 4432, 4438, 7062, 7092]  4627
[170, 180, 4432, 4434, 7062]  4658
[180, 4428, 4438, 4940, 7062]  4654
[170, 180, 188, 4426, 4428]  4505
[4426, 4428, 4430, 4432, 4438]  4525
[170, 180, 4438, 4940, 7092]  4586
[4426, 4434, 4436, 4438, 7062]  4524
[170, 180, 184, 4434, 4940]  4633
[180, 184, 4434, 4436, 4940]  4504
[180, 4428, 4434, 4438, 4940]  4581
[170, 180, 188, 4438, 7092]  4513
[170, 180, 4438, 4940, 7062]  4697
[180, 188, 4432, 4434, 4438]  4511
[170, 4434, 4438, 4940, 7092]  4531
[180, 4432, 4434, 7062, 7092]  4537
[170, 180, 188, 4438, 7062]  4633
[170, 184, 4426, 4438, 7092]  4572
[170, 180, 4434, 4438, 4940]  4623
[184, 4430, 4434, 4438, 7062]  4550
[170, 180, 184, 4432, 4940]  4635
[170, 4434, 4438, 4940, 7062]  4647
[180, 184, 188, 4434, 7062]  4569
[170, 180, 184, 188, 4438]  4669
[170, 184, 4432, 4436, 4438]  4588
[170, 180, 184, 188, 4434]  4571
[170, 180, 184, 188, 4432]  4572
[170, 184, 4434, 7062, 7092]  4584
[4426, 4432, 4434, 4438, 7062]  4610
[170, 184, 4426, 4438, 7062]  4694
[170, 180, 184, 188, 4428]  4603
[4428, 4436, 4438, 7062, 7092]  4517
[170, 180, 184, 188, 4426]  4542
[180, 4426, 4432, 4438, 4940]  4525
[184, 4428, 4432, 4438, 7092]  4576
[170, 180, 184, 4430, 4940]  4506
[180, 184, 188, 4432, 7062]  4569
[180, 184, 4428, 4436, 4438]  4641
[170, 184, 4432, 4434, 4438]  4682
[170, 184, 4432, 4434, 4436]  4528
[170, 4428, 4432, 4436, 4438]  4578
[184, 4428, 4432, 4438, 7062]  4698
[170, 184, 4426, 4436, 7062]  4516
[170, 4428, 4434, 7062, 7092]  4564
[4426, 4430, 4432, 4438, 7062]  4517
[184, 188, 4426, 4428, 4438]  4525
[170, 180, 188, 4434, 7062]  4537
[170, 180, 184, 4428, 4940]  4666
[180, 184, 4428, 4434, 4438]  4723
[180, 184, 4428, 4434, 4436]  4569
[184, 4436, 4438, 7062, 7092]  4532
[170, 4428, 4432, 4434, 4438]  4672
[184, 4428, 4432, 4436, 7062]  4529
[170, 4428, 4432, 4434, 4436]  4518
[170, 184, 4426, 4434, 7062]  4597
[184, 4426, 4438, 7062, 7092]  4573
[4426, 4428, 4438, 7062, 7112]  4513
[184, 4426, 4430, 4438, 7062]  4519
[170, 4426, 4432, 7062, 7092]  4502
[184, 4428, 4432, 4434, 7092]  4502
[170, 180, 188, 4432, 7062]  4537
[170, 180, 4428, 4436, 4438]  4607
[4426, 4428, 4438, 7062, 7092]  4600
[170, 180, 184, 4426, 4940]  4605
[4426, 4428, 4430, 4438, 7062]  4563
[170, 184, 4432, 4940, 7062]  4601
[180, 184, 188, 4428, 7062]  4600
[4428, 4432, 4434, 7062, 7092]  4532
[180, 184, 4428, 4432, 4438]  4732
[180, 184, 4428, 4432, 4436]  4562
[180, 184, 4428, 4432, 4434]  4657
[184, 4428, 4432, 4434, 7062]  4625
[170, 184, 4426, 4432, 7062]  4602
[180, 4426, 4436, 4438, 7062]  4539
[184, 4428, 4438, 4940, 7092]  4544
[180, 184, 4428, 4940, 7092]  4555
[170, 184, 4428, 4438, 4940]  4655
[180, 188, 4426, 4428, 7062]  4502
[180, 4426, 4428, 7062, 7092]  4550
[170, 180, 4428, 4434, 4438]  4688
[184, 188, 4426, 4438, 7062]  4527
[170, 180, 4428, 4434, 4436]  4535
[184, 4428, 4438, 4940, 7062]  4654
[180, 184, 4428, 4940, 7062]  4665
[180, 184, 188, 4426, 7062]  4538
[170, 4428, 4432, 4940, 7062]  4591
[180, 184, 4428, 4430, 4438]  4629
[180, 184, 4428, 4430, 4434]  4549
[180, 184, 4428, 4430, 4432]  4570
[170, 184, 188, 4434, 4438]  4561
[184, 4428, 4434, 4438, 4940]  4581
[170, 4426, 4430, 4432, 4438]  4506
[180, 188, 4432, 4438, 7062]  4559
[184, 188, 4432, 4434, 4438]  4511
[170, 4432, 4436, 4438, 7062]  4613
[170, 180, 188, 4428, 7062]  4568
[170, 184, 4426, 4428, 7092]  4548
[4434, 4436, 4438, 4940, 7062]  4527
[170, 180, 4428, 4432, 4438]  4697
[184, 4432, 4434, 7062, 7092]  4537
[170, 180, 4428, 4432, 4436]  4528
[170, 180, 4428, 4432, 4434]  4622
[170, 180, 4428, 4940, 7092]  4522
[170, 184, 4426, 4428, 7062]  4669
[170, 184, 188, 4432, 4438]  4562
[170, 184, 4428, 4434, 4940]  4558
[170, 184, 4432, 4438, 7112]  4514
[4430, 4432, 4434, 4438, 7062]  4556
[170, 180, 4428, 4940, 7062]  4632
[170, 180, 188, 4426, 7062]  4507
[184, 4426, 4432, 4438, 4940]  4525
[170, 180, 4428, 4430, 4438]  4594
[170, 184, 4432, 4438, 7092]  4607
[170, 180, 4428, 4430, 4434]  4514
[170, 180, 4428, 4430, 4432]  4535
[4426, 4428, 4430, 4432, 7062]  4505
[170, 180, 184, 4436, 4438]  4686
[170, 4430, 4434, 4438, 7062]  4574
[4426, 4428, 4432, 4438, 4940]  4559
[170, 184, 188, 4940, 7062]  4514
[170, 184, 4432, 4438, 7062]  4731
[180, 184, 4428, 4438, 7112]  4574
[170, 184, 4428, 4432, 4940]  4567
[188, 4428, 4432, 4438, 7062]  4549
[170, 4428, 4432, 4438, 7112]  4508
[180, 184, 4428, 4438, 7092]  4673
[170, 180, 184, 188, 7092]  4524
[170, 4428, 4432, 4438, 7092]  4594
[170, 180, 184, 4434, 4438]  4765
[170, 180, 184, 4434, 4436]  4612
[180, 184, 4434, 4436, 4438]  4636
[180, 184, 4436, 7062, 7092]  4542
[170, 184, 188, 4428, 4438]  4592
[180, 184, 4428, 4438, 7062]  4796
[180, 188, 4438, 4940, 7062]  4533
[170, 180, 184, 188, 7062]  4644
[170, 184, 4432, 4436, 7062]  4563
[170, 184, 188, 4428, 4432]  4503
[170, 4428, 4432, 4438, 7062]  4722
[170, 188, 4426, 4428, 4438]  4545
[170, 184, 4432, 4434, 7092]  4533
[180, 4432, 4438, 4940, 7092]  4514
[170, 180, 184, 4432, 4438]  4766
[170, 180, 184, 4432, 4436]  4597
[170, 180, 184, 4432, 4434]  4691
[170, 180, 184, 4940, 7112]  4503
[180, 4428, 4434, 4436, 4438]  4559
[170, 180, 4428, 4438, 7112]  4540
[170, 184, 188, 4426, 4438]  4531
[180, 184, 4428, 4436, 7062]  4617
[170, 4436, 4438, 7062, 7092]  4551
[170, 184, 4432, 4434, 7062]  4658
[170, 180, 184, 4940, 7092]  4597
[180, 4432, 4438, 4940, 7062]  4624
[170, 4426, 4438, 7062, 7112]  4503
[170, 4428, 4432, 4436, 7062]  4554
[170, 184, 188, 4426, 4428]  4505
[170, 180, 4428, 4438, 7092]  4638
[170, 184, 4438, 4940, 7092]  4586
[184, 4426, 4436, 4438, 7062]  4539
[4434, 4438, 4940, 7062, 7092]  4541
[170, 4426, 4438, 7062, 7092]  4592
[170, 4426, 4430, 4438, 7062]  4544
[180, 184, 4428, 4434, 7092]  4577
[184, 188, 4426, 4428, 7062]  4502
[170, 180, 184, 4940, 7062]  4708
[180, 4432, 4434, 4438, 4940]  4575
[170, 180, 4434, 4436, 4438]  4602
[184, 4426, 4428, 7062, 7092]  4550
[170, 4428, 4432, 4434, 7092]  4520
[170, 180, 184, 4430, 4438]  4634
[4426, 4428, 4436, 4438, 7062]  4569
[170, 180, 4436, 7062, 7092]  4508
[170, 184, 188, 4438, 7092]  4513
[170, 180, 4428, 4438, 7062]  4761
[170, 180, 184, 4430, 4434]  4554
[170, 184, 4438, 4940, 7062]  4697
[170, 180, 184, 4430, 4432]  4575
[188, 4428, 4438, 4940, 7062]  4515
[180, 184, 4428, 4434, 7062]  4700
[170, 4428, 4432, 4434, 7062]  4649
[170, 184, 188, 4438, 7062]  4633
[180, 184, 4434, 4940, 7092]  4522
[170, 184, 4434, 4438, 4940]  4623
[170, 4428, 4438, 4940, 7092]  4563
[180, 184, 4428, 4432, 7092]  4586
[184, 188, 4432, 4438, 7062]  4559
[170, 180, 184, 4428, 4438]  4796
[170, 180, 184, 4428, 4436]  4617
[180, 184, 4434, 4940, 7062]  4633
[170, 188, 4426, 4438, 7062]  4547
[170, 180, 4428, 4436, 7062]  4583
[170, 180, 184, 4428, 4434]  4698
[170, 180, 184, 4428, 4432]  4707
[170, 180, 184, 4428, 4430]  4604
[170, 4428, 4438, 4940, 7062]  4678
[180, 184, 4428, 4432, 7062]  4708
[4428, 4430, 4438, 7062, 7092]  4503
[180, 184, 4438, 7092, 7112]  4508
[180, 184, 4430, 4438, 4940]  4529
[170, 180, 4428, 4434, 7092]  4542
[180, 4426, 4432, 4434, 4438]  4576
[170, 4428, 4434, 4438, 4940]  4605
[170, 188, 4432, 4434, 4438]  4530
[170, 180, 184, 4426, 4438]  4729
[170, 180, 184, 4426, 4436]  4550
[170, 180, 4428, 4434, 7062]  4665
[170, 4432, 4434, 7062, 7092]  4555
[170, 180, 184, 4426, 4434]  4630
[170, 180, 184, 4426, 4432]  4636
[180, 4428, 4434, 4940, 7062]  4559
[170, 180, 184, 4426, 4430]  4526
[170, 180, 184, 4426, 4428]  4703
[180, 184, 4428, 4430, 7062]  4607
[4428, 4432, 4438, 4940, 7092]  4508
[170, 180, 184, 4438, 7112]  4612
[170, 184, 188, 4434, 7062]  4537
[170, 180, 4428, 4432, 7092]  4551
[170, 180, 184, 4438, 7092]  4714
[170, 180, 4434, 4940, 7062]  4600
[4428, 4432, 4438, 4940, 7062]  4622
[180, 188, 4428, 4434, 4438]  4517
[170, 4426, 4432, 4438, 4940]  4550
[170, 180, 4428, 4432, 7062]  4673
[170, 180, 184, 4438, 7062]  4839
[4428, 4432, 4434, 4438, 4940]  4571
[180, 4426, 4432, 4940, 7062]  4502
[170, 184, 188, 4432, 7062]  4537
[180, 184, 4434, 4438, 7112]  4548
[170, 184, 4428, 4436, 4438]  4607
[184, 188, 4438, 4940, 7062]  4533
[4426, 4432, 4438, 7062, 7092]  4534
[170, 180, 184, 4436, 7092]  4541
[180, 188, 4428, 4432, 4438]  4525
[180, 184, 4434, 4438, 7092]  4641
[180, 4426, 4428, 4438, 4940]  4591
[170, 180, 4428, 4430, 7062]  4572
[170, 180, 184, 4436, 7062]  4661
[184, 4432, 4438, 4940, 7092]  4514
[170, 188, 4428, 4438, 4940]  4512
[180, 184, 4434, 4438, 7062]  4766
[170, 180, 184, 4434, 7112]  4524
[184, 4428, 4434, 4436, 4438]  4559
[170, 184, 4428, 4434, 4438]  4688
[170, 184, 4428, 4434, 4436]  4535
[180, 184, 4426, 7062, 7092]  4584
[184, 4432, 4438, 4940, 7062]  4624
[170, 180, 184, 4434, 7092]  4616
[180, 4428, 4434, 4438, 7092]  4567
[4426, 4434, 4438, 4940, 7062]  4550
[184, 4432, 4434, 4438, 4940]  4575
[170, 180, 184, 4434, 7062]  4741
[170, 180, 4434, 4438, 7112]  4514
[180, 184, 4434, 4436, 7062]  4613
[170, 180, 184, 4432, 7112]  4524
[180, 4428, 4434, 4438, 7062]  4690
[170, 184, 188, 4428, 7062]  4568
[170, 184, 4428, 4432, 4438]  4697
[170, 180, 4434, 4438, 7092]  4606
[170, 184, 4428, 4432, 4436]  4528
[170, 184, 4428, 4432, 4434]  4622
[170, 180, 184, 4432, 7092]  4617
[170, 4426, 4436, 4438, 7062]  4565
[170, 184, 4428, 4940, 7092]  4522
[170, 188, 4426, 4428, 7062]  4522
[170, 180, 4434, 4438, 7062]  4731
[170, 4426, 4428, 7062, 7092]  4569
[170, 180, 184, 4432, 7062]  4741
[4426, 4428, 4432, 4436, 4438]  4515
[180, 4426, 4432, 4438, 7092]  4505
[4426, 4428, 4434, 7062, 7092]  4505
[170, 180, 4426, 7062, 7092]  4550
[180, 4428, 4434, 4436, 7062]  4537
[170, 184, 4428, 4940, 7062]  4632
[170, 184, 188, 4426, 7062]  4507
[170, 184, 4428, 4430, 4438]  4594
[170, 184, 4428, 4430, 4434]  4514
[170, 184, 4428, 4430, 4432]  4535
[180, 4426, 4432, 4438, 7062]  4626
[184, 4426, 4432, 4434, 4438]  4576
[180, 4426, 4428, 4432, 4940]  4504
[170, 188, 4432, 4438, 7062]  4578
[170, 180, 4434, 4436, 7062]  4579
[170, 180, 184, 4430, 7062]  4612
[4426, 4428, 4432, 4434, 4438]  4610
[170, 180, 184, 4428, 7112]  4551
[184, 4428, 4434, 4940, 7062]  4559
[180, 4434, 4438, 7062, 7112]  4515
[180, 184, 4436, 4438, 4940]  4577
[170, 180, 184, 4428, 7092]  4649
[180, 4434, 4438, 7062, 7092]  4609
[180, 188, 4428, 4438, 7062]  4589
[184, 188, 4428, 4434, 4438]  4517
[170, 180, 184, 4428, 7062]  4772
[180, 4428, 4436, 4438, 4940]  4500
[170, 180, 184, 4426, 7092]  4583
[184, 4426, 4432, 4940, 7062]  4502
[180, 4426, 4432, 4434, 7062]  4553
[180, 4432, 4434, 4436, 4438]  4553
[170, 184, 4428, 4438, 7112]  4540
[170, 188, 4432, 4434, 7062]  4506
[4426, 4428, 4432, 4940, 7062]  4537
[180, 4436, 4438, 4940, 7062]  4543
[184, 188, 4428, 4432, 4438]  4525
[170, 180, 184, 4426, 7062]  4705
[184, 4426, 4428, 4438, 4940]  4591
[170, 184, 4428, 4438, 7092]  4638
[170, 180, 4436, 4438, 4940]  4545
[180, 4426, 4438, 4940, 7062]  4592
[170, 184, 4434, 4436, 4438]  4602
[170, 184, 4436, 7062, 7092]  4508
[4426, 4432, 4436, 4438, 7062]  4514
[170, 184, 4428, 4438, 7062]  4761
[170, 188, 4438, 4940, 7062]  4552
[180, 4426, 4434, 4438, 4940]  4518
[170, 4434, 4436, 4438, 4940]  4519
[184, 4428, 4434, 4438, 7092]  4567
[180, 184, 4432, 7062, 7112]  4524
[170, 4432, 4438, 4940, 7092]  4533
[180, 184, 4432, 7062, 7092]  4619
[170, 4428, 4434, 4436, 4438]  4584
[184, 4428, 4434, 4438, 7062]  4690
[170, 184, 4428, 4436, 7062]  4583
[4428, 4434, 4438, 7062, 7112]  4511
[170, 4432, 4438, 4940, 7062]  4648
[180, 188, 4428, 4432, 7062]  4501
[180, 184, 260, 265, 4438]  4524
[4428, 4434, 4438, 7062, 7092]  4596
[170, 184, 4428, 4434, 7092]  4542
[180, 4430, 4432, 4434, 4438]  4519
[170, 4432, 4434, 4438, 4940]  4599
[184, 4426, 4432, 4438, 7092]  4505
[180, 184, 4430, 4434, 4438]  4580
[184, 4428, 4434, 4436, 7062]  4537
[180, 4428, 4432, 7062, 7092]  4554
[170, 184, 4428, 4434, 7062]  4665
[180, 4432, 4434, 4940, 7062]  4552
[4426, 4428, 4432, 4438, 7092]  4536
[180, 184, 4940, 7062, 7112]  4501
[170, 184, 4428, 4438, 4940, 7092]  4511
[180, 4426, 4428, 4434, 4438, 7062]  4586
[170, 180, 184, 4426, 7062, 7092]  4550
[180, 184, 4428, 4438, 7062, 7112]  4540
[170, 180, 184, 4434, 4438, 7062]  4731
[170, 180, 184, 4432, 4436, 4438]  4588
[170, 184, 4432, 4434, 4438, 7092]  4524
[170, 180, 184, 4426, 4438, 7062]  4694
[170, 184, 4432, 4434, 7062, 7092]  4502
[180, 184, 4428, 4438, 7062, 7092]  4640
[170, 184, 4428, 4438, 4940, 7062]  4621
[180, 4428, 4434, 4436, 4438, 7062]  4527
[170, 184, 4426, 4428, 4434, 4438]  4584
[170, 4428, 4430, 4434, 4438, 7062]  4534
[170, 184, 4432, 4434, 4438, 7062]  4649
[180, 184, 188, 4438, 4940, 7062]  4533
[180, 184, 4428, 4430, 4438, 7062]  4597
[170, 4426, 4434, 4438, 4940, 7062]  4511
[170, 184, 4428, 4434, 4438, 4940]  4548
[170, 180, 184, 188, 4434, 4438]  4561
[180, 4426, 4428, 4432, 4434, 4438]  4544
[170, 180, 4426, 4434, 4438, 7062]  4587
[170, 180, 184, 4434, 4436, 7062]  4579
[170, 180, 184, 4432, 4434, 4438]  4682
[170, 180, 184, 4432, 4434, 4436]  4528
[170, 180, 184, 4426, 4436, 7062]  4516
[180, 4432, 4434, 4438, 4940, 7062]  4543
[170, 184, 188, 4432, 4438, 7062]  4527
[170, 184, 4426, 4428, 4432, 4438]  4594
[170, 184, 4426, 4428, 4432, 4434]  4519
[170, 4428, 4430, 4432, 4434, 4438]  4503
[170, 4428, 4432, 4434, 4940, 7062]  4509
[170, 180, 4432, 4438, 7062, 7092]  4574
[170, 180, 184, 188, 4432, 4438]  4562
[180, 184, 4426, 4428, 4438, 7092]  4571
[180, 4428, 4432, 4434, 4438, 7062]  4616
[170, 180, 4426, 4432, 4434, 4438]  4542
[170, 188, 4428, 4434, 4438, 7062]  4503
[170, 180, 4428, 4434, 4940, 7062]  4526
[180, 184, 4426, 4428, 7062, 7092]  4550
[170, 184, 4426, 4428, 4940, 7062]  4537
[170, 180, 184, 4426, 4434, 7062]  4597
[170, 184, 4430, 4432, 4438, 7062]  4534
[180, 184, 4426, 4436, 4438, 7062]  4539
[184, 4426, 4428, 4436, 4438, 7062]  4503
[184, 4428, 4434, 4438, 7062, 7092]  4536
[4428, 4430, 4432, 4434, 4438, 7062]  4516
[180, 184, 4426, 4428, 4438, 7062]  4692
[170, 4434, 4438, 4940, 7062, 7092]  4500
[170, 180, 184, 188, 4940, 7062]  4514
[180, 184, 4428, 4430, 4434, 7062]  4519
[170, 180, 184, 4432, 4940, 7062]  4601
[170, 4426, 4428, 4434, 4438, 7062]  4611
[170, 184, 4428, 4438, 7062, 7112]  4506
[170, 180, 188, 4428, 4438, 7062]  4557
[170, 180, 184, 4426, 4432, 7062]  4602
[170, 180, 184, 4436, 4438, 4940]  4545
[170, 180, 4434, 4438, 4940, 7062]  4590
[170, 184, 4428, 4438, 7062, 7092]  4605
[170, 4428, 4434, 4436, 4438, 7062]  4552
[180, 184, 4426, 4428, 4436, 7062]  4513
[170, 180, 184, 4428, 4438, 4940]  4655
[180, 4428, 4430, 4432, 4438, 7062]  4529
[180, 184, 4428, 4430, 4432, 7062]  4539
[180, 184, 188, 4438, 7062, 7092]  4511
[170, 180, 184, 188, 4428, 4438]  4592
[170, 184, 188, 4438, 4940, 7062]  4503
[170, 184, 4428, 4430, 4438, 7062]  4562
[170, 180, 184, 188, 4428, 4432]  4503
[180, 184, 4428, 4432, 4438, 4940]  4590
[170, 4426, 4428, 4432, 4434, 4438]  4569
[184, 4428, 4432, 4436, 4438, 7062]  4520
[170, 180, 4426, 4428, 4438, 4940]  4559
[180, 4432, 4434, 4438, 7062, 7092]  4528
[170, 4432, 4434, 4438, 4940, 7062]  4567
[180, 184, 4426, 4428, 4434, 7062]  4596
[184, 4428, 4438, 4940, 7062, 7092]  4512
[170, 4428, 4432, 4434, 4438, 7092]  4511
[170, 180, 184, 4426, 4428, 7092]  4548
[170, 180, 184, 188, 4426, 4438]  4531
[170, 180, 184, 4940, 7062, 7092]  4564
[170, 180, 4428, 4434, 4438, 7092]  4532
[170, 180, 184, 188, 4426, 4428]  4505
[4426, 4428, 4432, 4434, 4438, 7062]  4579
[170, 184, 4426, 4428, 4438, 7092]  4537
[170, 4428, 4432, 4434, 4438, 7062]  4640
[170, 180, 4428, 4434, 7062, 7092]  4511
[170, 180, 184, 4426, 4428, 7062]  4669
[170, 184, 4426, 4428, 7062, 7092]  4516
[170, 184, 4426, 4436, 4438, 7062]  4506
[180, 184, 188, 4428, 4434, 4438]  4517
[180, 184, 4426, 4428, 4432, 7062]  4605
[170, 180, 184, 4432, 4438, 7112]  4514
[170, 180, 184, 4428, 4434, 4940]  4558
[170, 180, 4428, 4434, 4438, 7062]  4655
[170, 180, 4428, 4432, 4436, 4438]  4519
[170, 184, 4426, 4428, 4438, 7062]  4658
[170, 180, 184, 188, 4438, 7092]  4513
[170, 180, 184, 4432, 4438, 7092]  4607
[180, 184, 4432, 4438, 4940, 7092]  4514
[170, 180, 184, 4432, 7062, 7092]  4584
[180, 184, 4428, 4432, 4434, 4940]  4516
[184, 4428, 4430, 4434, 4438, 7062]  4510
[170, 180, 184, 188, 4438, 7062]  4633
[180, 4426, 4428, 4432, 4438, 7062]  4595
[170, 180, 184, 4432, 4438, 7062]  4731
[180, 184, 4432, 4438, 4940, 7062]  4624
[170, 180, 4434, 4438, 7062, 7092]  4574
[180, 184, 188, 4428, 4432, 4438]  4525
[180, 184, 4426, 4428, 4430, 7062]  4507
[170, 180, 184, 4428, 4432, 4940]  4567
[170, 180, 4428, 4434, 4436, 7062]  4503
[170, 180, 4428, 4432, 4434, 4438]  4613
[170, 4428, 4430, 4432, 4438, 7062]  4553
[180, 184, 4428, 4436, 4438, 7062]  4607
[180, 184, 4428, 4434, 4436, 4438]  4559
[180, 184, 4432, 4434, 4438, 4940]  4575
[170, 184, 4428, 4430, 4432, 7062]  4504
[170, 184, 4428, 4432, 4438, 4940]  4557
[170, 180, 4426, 4432, 4438, 7062]  4592
[170, 180, 184, 4432, 4436, 7062]  4563
[170, 180, 184, 4430, 4434, 4438]  4545
[170, 4432, 4434, 4438, 7062, 7092]  4546
[170, 184, 4426, 4428, 4434, 7062]  4562
[170, 180, 184, 4432, 4434, 7092]  4533
[170, 180, 4436, 4438, 4940, 7062]  4511
[170, 180, 184, 188, 4434, 7062]  4537
[180, 4426, 4428, 4432, 4434, 7062]  4522
[170, 180, 184, 4432, 4434, 7062]  4658
[170, 180, 184, 4430, 4432, 4438]  4565
[170, 188, 4428, 4432, 4438, 7062]  4510
[170, 180, 4428, 4432, 4940, 7062]  4534
[170, 180, 184, 4438, 4940, 7092]  4586
[170, 180, 4432, 4436, 4438, 7062]  4554
[170, 180, 4432, 4434, 4436, 4438]  4519
[180, 184, 4426, 4434, 4438, 7062]  4621
[184, 4426, 4428, 4434, 4438, 7062]  4586
[170, 180, 4438, 4940, 7062, 7092]  4553
[170, 184, 4426, 4428, 4432, 7062]  4571
[180, 4426, 4428, 4438, 4940, 7062]  4558
[4428, 4432, 4434, 4438, 4940, 7062]  4540
[170, 180, 184, 4438, 4940, 7062]  4697
[184, 4428, 4434, 4436, 4438, 7062]  4527
[180, 4426, 4432, 4434, 4438, 7062]  4544
[180, 184, 4432, 4438, 7062, 7112]  4514
[170, 180, 184, 188, 4432, 7062]  4537
[170, 180, 188, 4434, 4438, 7062]  4527
[170, 180, 4426, 4432, 4434, 7062]  4519
[170, 4426, 4428, 4432, 4438, 7062]  4620
[180, 184, 4432, 4438, 7062, 7092]  4609
[170, 184, 4432, 4438, 4940, 7062]  4591
[170, 180, 184, 4434, 4438, 4940]  4623
[180, 184, 4426, 4432, 4434, 4438]  4576
[184, 4426, 4428, 4432, 4434, 4438]  4544
[180, 184, 4428, 4434, 4940, 7062]  4559
[170, 180, 184, 4426, 4438, 4940]  4594
[170, 4432, 4438, 4940, 7062, 7092]  4501
[170, 180, 4426, 4438, 4940, 7062]  4560
[184, 4432, 4434, 4438, 4940, 7062]  4543
[170, 184, 4428, 4436, 4438, 7062]  4573
[170, 184, 4428, 4434, 4436, 4438]  4525
[170, 184, 4432, 4434, 4438, 4940]  4542
[170, 180, 4430, 4434, 4438, 7062]  4515
[180, 184, 4434, 4438, 4940, 7092]  4512
[184, 4428, 4432, 4434, 4438, 7062]  4616
[180, 184, 188, 4428, 4438, 7062]  4589
[180, 4428, 4432, 4438, 4940, 7062]  4557
[180, 184, 4434, 4438, 4940, 7062]  4623
[180, 4432, 4434, 4436, 4438, 7062]  4521
[170, 180, 184, 188, 4428, 7062]  4568
[170, 180, 4432, 4434, 4940, 7062]  4519
[170, 4426, 4428, 4432, 4434, 7062]  4547
[170, 180, 4428, 4432, 4438, 7092]  4541
[180, 184, 4426, 4432, 4940, 7062]  4502
[180, 4428, 4432, 4434, 4438, 4940]  4507
[170, 180, 4428, 4432, 7062, 7092]  4519
[170, 184, 4426, 4434, 4438, 7062]  4587
[170, 180, 184, 4438, 7062, 7112]  4577
[170, 180, 4428, 4432, 4438, 7062]  4663
[180, 4426, 4428, 4438, 7062, 7092]  4539
[4428, 4432, 4434, 4438, 7062, 7092]  4523
[170, 4426, 4428, 4438, 4940, 7062]  4583
[180, 184, 4426, 4428, 4438, 4940]  4591
[170, 180, 184, 4438, 7062, 7092]  4680
[170, 180, 184, 188, 4426, 7062]  4507
[170, 4426, 4432, 4434, 4438, 7062]  4569
[184, 4428, 4430, 4432, 4438, 7062]  4529
[170, 4426, 4428, 4434, 4438, 4940]  4509
[170, 180, 184, 4430, 4438, 7062]  4602
[170, 184, 4432, 4438, 7062, 7092]  4574
[180, 184, 4428, 4434, 4438, 7092]  4567
[170, 180, 184, 4428, 4436, 4438]  4607
[170, 184, 4426, 4432, 4434, 4438]  4542
[170, 180, 184, 4426, 4432, 4940]  4503
[180, 184, 4428, 4434, 7062, 7092]  4546
[170, 184, 4428, 4434, 4940, 7062]  4526
[170, 180, 4428, 4430, 4434, 4438]  4505
[170, 180, 4426, 4438, 7062, 7092]  4539
[170, 180, 4434, 4436, 4438, 7062]  4569
[180, 184, 4428, 4434, 4438, 7062]  4690
[184, 4432, 4434, 4438, 7062, 7092]  4528
[180, 184, 4428, 4432, 4436, 4438]  4553
[170, 180, 4426, 4428, 4436, 4438]  4503
[170, 180, 184, 4428, 4434, 4438]  4688
[170, 180, 184, 4428, 4434, 4436]  4535
[180, 184, 4434, 4438, 7062, 7112]  4515
[180, 184, 188, 4428, 4432, 7062]  4501
[170, 180, 4428, 4432, 4434, 7062]  4590
[170, 184, 188, 4428, 4438, 7062]  4557
[170, 180, 4428, 4430, 4432, 4438]  4525
[170, 180, 4428, 4438, 4940, 7092]  4511
[180, 4428, 4432, 4438, 7062, 7092]  4544
[180, 184, 4434, 4438, 7062, 7092]  4609
[170, 4428, 4432, 4438, 4940, 7062]  4581
[4426, 4428, 4432, 4438, 4940, 7062]  4527
[170, 184, 4434, 4438, 4940, 7062]  4590
[180, 184, 4428, 4434, 4436, 7062]  4537
[180, 184, 4428, 4432, 4434, 4438]  4648
[170, 4432, 4434, 4436, 4438, 7062]  4546
[170, 180, 4432, 4434, 4438, 7092]  4524
[180, 184, 4426, 4432, 4438, 7092]  4505
[170, 180, 4432, 4434, 7062, 7092]  4502
[170, 180, 4428, 4438, 4940, 7062]  4621
[170, 180, 4426, 4428, 4434, 4438]  4584
[170, 180, 184, 4430, 4434, 7062]  4524
[170, 180, 184, 4428, 4432, 4438]  4697
[170, 4428, 4432, 4434, 4438, 4940]  4531
[170, 180, 184, 4428, 4432, 4436]  4528
[170, 180, 184, 4428, 4432, 4434]  4622
[170, 180, 4432, 4434, 4438, 7062]  4649
[180, 184, 188, 4426, 4428, 4438]  4525
[170, 180, 184, 4426, 4428, 4940]  4570
[180, 184, 4426, 4432, 4438, 7062]  4626
[184, 4426, 4428, 4432, 4438, 7062]  4595
[170, 180, 184, 4428, 4940, 7092]  4522
[180, 184, 4426, 4428, 4432, 4940]  4504
[170, 180, 4428, 4434, 4438, 4940]  4548
[170, 4426, 4428, 4438, 7062, 7092]  4558
[170, 184, 4426, 4428, 4438, 4940]  4559
[170, 180, 184, 4436, 4940, 7062]  4521
[170, 180, 184, 4428, 4940, 7062]  4632
[180, 4428, 4434, 4438, 4940, 7062]  4549
[170, 180, 188, 4432, 4438, 7062]  4527
[180, 184, 4436, 4438, 4940, 7062]  4543
[170, 180, 4426, 4428, 4432, 4438]  4594
[170, 4426, 4428, 4430, 4438, 7062]  4522
[170, 180, 184, 4430, 4432, 7062]  4544
[170, 180, 184, 4428, 4430, 4438]  4594
[170, 180, 4426, 4428, 4432, 4434]  4519
[170, 180, 184, 188, 4438, 4940]  4538
[170, 180, 184, 4428, 4430, 4434]  4514
[170, 180, 184, 4428, 4430, 4432]  4535
[170, 184, 4428, 4434, 4438, 7092]  4532
[170, 180, 184, 4432, 4438, 4940]  4625
[180, 184, 4428, 4432, 4940, 7062]  4567
[170, 184, 4428, 4434, 7062, 7092]  4511
[180, 184, 4432, 4436, 4438, 7062]  4588
[180, 184, 4432, 4434, 4436, 4438]  4553
[180, 184, 4438, 4940, 7062, 7092]  4586
[170, 184, 4428, 4434, 4438, 7062]  4655
[170, 184, 4428, 4432, 4436, 4438]  4519
[170, 188, 4426, 4428, 4438, 7062]  4511
[170, 180, 4426, 4428, 4940, 7062]  4537
[180, 184, 4428, 4436, 4438, 4940]  4500
[170, 180, 4430, 4432, 4438, 7062]  4534
[180, 184, 188, 4434, 4438, 7062]  4559
[180, 184, 4426, 4432, 4434, 7062]  4553
[184, 4426, 4428, 4432, 4434, 7062]  4522
[180, 184, 188, 4426, 4438, 7062]  4527
[4426, 4428, 4432, 4438, 7062, 7092]  4505
[170, 4428, 4432, 4438, 7062, 7092]  4562
[170, 184, 4434, 4438, 7062, 7092]  4574
[170, 180, 4428, 4438, 7062, 7112]  4506
[170, 184, 4428, 4434, 4436, 7062]  4503
[170, 184, 4428, 4432, 4434, 4438]  4613
[180, 184, 4426, 4438, 4940, 7062]  4592
[184, 4426, 4428, 4438, 4940, 7062]  4558
[170, 180, 4428, 4438, 7062, 7092]  4605
[180, 184, 4430, 4434, 4438, 7062]  4550
[184, 4426, 4432, 4434, 4438, 7062]  4544
[180, 184, 188, 4432, 4434, 4438]  4511
[170, 180, 184, 4432, 4434, 4940]  4551
[170, 184, 4426, 4432, 4438, 7062]  4592
[170, 180, 184, 4428, 4438, 7112]  4540
[180, 184, 4426, 4434, 4438, 4940]  4518
[170, 180, 4428, 4430, 4438, 7062]  4562
[170, 180, 188, 4438, 4940, 7062]  4503
[180, 184, 4428, 4940, 7062, 7092]  4523
[170, 180, 184, 4436, 4438, 7092]  4531
[170, 180, 184, 4428, 7062, 7112]  4517
[170, 180, 184, 4436, 7062, 7092]  4508
[170, 180, 184, 4428, 4438, 7092]  4638
[180, 4426, 4428, 4436, 4438, 7062]  4503
[4428, 4432, 4434, 4436, 4438, 7062]  4519
[170, 180, 184, 4428, 7062, 7092]  4616
[180, 4428, 4434, 4438, 7062, 7092]  4536
[180, 184, 4436, 4438, 7062, 7092]  4532
[4426, 4428, 4434, 4438, 4940, 7062]  4517
[170, 4428, 4434, 4438, 4940, 7062]  4573
[170, 184, 4436, 4438, 4940, 7062]  4511
[170, 180, 184, 4436, 4438, 7062]  4651
[170, 180, 184, 4434, 4436, 4438]  4602
[180, 184, 4430, 4432, 4434, 4438]  4519
[170, 4426, 4428, 4432, 4438, 4940]  4519
[170, 180, 184, 4428, 4438, 7062]  4761
[180, 184, 4432, 4434, 4940, 7062]  4552
[180, 184, 4428, 4432, 4438, 7092]  4576
[170, 180, 184, 4426, 4436, 4438]  4540
[180, 184, 4428, 4432, 7062, 7092]  4554
[170, 184, 4428, 4432, 4940, 7062]  4534
[170, 184, 4432, 4436, 4438, 7062]  4554
[170, 184, 4432, 4434, 4436, 4438]  4519
[170, 180, 4426, 4428, 4438, 7092]  4537
[170, 184, 4438, 4940, 7062, 7092]  4553
[180, 184, 4428, 4432, 4438, 7062]  4698
[170, 180, 4426, 4428, 7062, 7092]  4516
[184, 4428, 4432, 4438, 4940, 7062]  4557
[170, 180, 4426, 4436, 4438, 7062]  4506
[184, 4432, 4434, 4436, 4438, 7062]  4521
[170, 180, 4426, 4428, 4438, 7062]  4658
[170, 180, 184, 4428, 4436, 7062]  4583
[170, 180, 184, 4426, 4434, 4438]  4620
[170, 184, 188, 4434, 4438, 7062]  4527
[170, 184, 4426, 4432, 4434, 7062]  4519
[184, 4428, 4432, 4434, 4438, 4940]  4507
[170, 180, 184, 4428, 4434, 7092]  4542
[180, 184, 4428, 4432, 4436, 7062]  4529
[180, 184, 4428, 4430, 4434, 4438]  4540
[180, 184, 4426, 4438, 7062, 7092]  4573
[170, 184, 4426, 4438, 4940, 7062]  4560
[180, 4428, 4432, 4436, 4438, 7062]  4520
[184, 4426, 4428, 4438, 7062, 7092]  4539
[180, 184, 4434, 4436, 4438, 7062]  4603
[180, 4428, 4438, 4940, 7062, 7092]  4512
[170, 180, 184, 4428, 4434, 7062]  4665
[170, 184, 4430, 4434, 4438, 7062]  4515
[180, 184, 4428, 4432, 4434, 7092]  4502
[170, 180, 184, 4426, 4432, 4438]  4626
[170, 180, 184, 4426, 4432, 4434]  4551
[180, 184, 4426, 4430, 4438, 7062]  4519
[180, 184, 4426, 4428, 4436, 4438]  4536
[170, 4426, 4432, 4438, 4940, 7062]  4517
[170, 180, 4428, 4430, 4432, 7062]  4504
[170, 180, 4428, 4432, 4438, 4940]  4557
[170, 180, 184, 4428, 4432, 7092]  4551
[180, 184, 4428, 4432, 4434, 7062]  4625
[180, 184, 4428, 4430, 4432, 4438]  4560
[170, 180, 184, 4434, 4940, 7062]  4600
[180, 184, 4428, 4438, 4940, 7092]  4544
[170, 4426, 4428, 4436, 4438, 7062]  4529
[170, 180, 184, 4426, 4940, 7062]  4571
[170, 4428, 4434, 4438, 7062, 7092]  4554
[180, 184, 4432, 4434, 4438, 7092]  4559
[170, 180, 4426, 4428, 4434, 7062]  4562
[170, 180, 184, 4428, 4432, 7062]  4673
[170, 180, 184, 4426, 4430, 4438]  4516
[180, 184, 4432, 4434, 7062, 7092]  4537
[180, 184, 188, 4426, 4428, 7062]  4502
[180, 184, 4428, 4438, 4940, 7062]  4654
[170, 184, 4432, 4434, 4940, 7062]  4519
[170, 184, 4428, 4432, 4438, 7092]  4541
[180, 184, 4426, 4428, 4434, 4438]  4618
[170, 184, 4428, 4432, 7062, 7092]  4519
[180, 4428, 4430, 4434, 4438, 7062]  4510
[180, 184, 4432, 4434, 4438, 7062]  4684
[170, 184, 4428, 4432, 4438, 7062]  4663
[180, 184, 4428, 4434, 4438, 4940]  4581
[184, 4428, 4432, 4438, 7062, 7092]  4544
[170, 180, 4426, 4428, 4432, 7062]  4571
[170, 180, 184, 4428, 4430, 7062]  4572
[170, 180, 184, 4426, 4428, 4438]  4692
[170, 4430, 4432, 4434, 4438, 7062]  4514
[170, 180, 184, 4426, 4428, 4436]  4513
[170, 180, 184, 4426, 4428, 4434]  4594
[170, 180, 184, 4426, 4428, 4432]  4604
[180, 184, 188, 4432, 4438, 7062]  4559
[170, 180, 184, 4426, 4428, 4430]  4504
[180, 184, 4426, 4428, 4432, 4438]  4628
[180, 184, 4426, 4428, 4432, 4434]  4553
[180, 184, 4432, 4434, 4436, 7062]  4530
[170, 184, 4428, 4430, 4434, 4438]  4505
[170, 180, 4432, 4438, 4940, 7062]  4591
[170, 184, 4426, 4438, 7062, 7092]  4539
[170, 4428, 4432, 4436, 4438, 7062]  4545
[170, 184, 4434, 4436, 4438, 7062]  4569
[170, 4428, 4432, 4434, 4436, 4438]  4509
[180, 184, 4426, 4428, 4940, 7062]  4569
[170, 4428, 4438, 4940, 7062, 7092]  4531
[180, 184, 4430, 4432, 4438, 7062]  4569
[170, 180, 184, 4434, 4438, 7112]  4514
[180, 184, 4426, 4428, 4430, 4438]  4528
[184, 4428, 4434, 4438, 4940, 7062]  4549
[170, 180, 4428, 4436, 4438, 7062]  4573
[170, 180, 4428, 4434, 4436, 4438]  4525
[170, 180, 4432, 4434, 4438, 4940]  4542
[170, 184, 4426, 4428, 4436, 4438]  4503
[180, 184, 4426, 4432, 4438, 4940]  4525
[170, 180, 184, 4434, 4438, 7092]  4606
[170, 184, 4428, 4432, 4434, 7062]  4590
[170, 180, 184, 4434, 7062, 7092]  4584
[170, 184, 4428, 4430, 4432, 4438]  4525
[170, 180, 184, 4426, 4438, 7092]  4572
[170, 180, 184, 4434, 4438, 7062, 7092]  4574
[170, 180, 184, 4426, 4428, 4432, 4438]  4594
[170, 180, 184, 4428, 4438, 7062, 7112]  4506
[170, 180, 184, 4426, 4428, 4432, 4434]  4519
[170, 180, 4428, 4432, 4438, 7062, 7092]  4509
[170, 180, 184, 4428, 4438, 7062, 7092]  4605
[170, 180, 184, 4428, 4434, 7062, 7092]  4511
[170, 180, 184, 4426, 4428, 4940, 7062]  4537
[170, 184, 4426, 4428, 4434, 4438, 7062]  4552
[170, 180, 184, 4428, 4434, 4438, 7092]  4532
[180, 184, 4426, 4428, 4438, 7062, 7092]  4539
[170, 180, 184, 4426, 4428, 4438, 4940]  4559
[180, 4426, 4428, 4432, 4434, 4438, 7062]  4513
[170, 180, 184, 4436, 4438, 4940, 7062]  4511
[170, 180, 4428, 4432, 4434, 4438, 7062]  4581
[170, 180, 4426, 4428, 4432, 4438, 7062]  4561
[170, 180, 4428, 4434, 4438, 4940, 7062]  4516
[170, 180, 184, 4428, 4434, 4438, 7062]  4655
[170, 184, 4426, 4428, 4432, 4434, 4438]  4510
[170, 180, 184, 4428, 4432, 4436, 4438]  4519
[170, 180, 184, 4428, 4430, 4438, 7062]  4562
[180, 184, 4428, 4432, 4436, 4438, 7062]  4520
[180, 184, 4426, 4428, 4434, 4438, 7062]  4586
[170, 180, 184, 4428, 4434, 4436, 7062]  4503
[170, 180, 184, 188, 4432, 4438, 7062]  4527
[170, 180, 184, 4428, 4432, 4434, 4438]  4613
[170, 180, 184, 188, 4428, 4438, 7062]  4557
[180, 184, 4432, 4434, 4436, 4438, 7062]  4521
[170, 180, 184, 4426, 4428, 7062, 7092]  4516
[170, 184, 4428, 4432, 4438, 4940, 7062]  4524
[170, 180, 4426, 4432, 4434, 4438, 7062]  4510
[170, 180, 184, 4432, 4436, 4438, 7062]  4554
[170, 180, 184, 4432, 4434, 4436, 4438]  4519
[170, 184, 4432, 4434, 4438, 4940, 7062]  4510
[180, 184, 4426, 4428, 4432, 4434, 4438]  4544
[170, 180, 184, 4426, 4428, 4438, 7092]  4537
[170, 180, 184, 4426, 4436, 4438, 7062]  4506
[170, 180, 4426, 4428, 4438, 4940, 7062]  4526
[170, 180, 184, 4426, 4432, 4438, 7062]  4592
[170, 180, 4428, 4434, 4438, 7062, 7092]  4501
[170, 180, 184, 4426, 4428, 4438, 7062]  4658
[170, 180, 184, 4428, 4432, 4940, 7062]  4534
[180, 184, 4428, 4430, 4434, 4438, 7062]  4510
[170, 180, 184, 4428, 4430, 4432, 7062]  4504
[180, 184, 4428, 4432, 4438, 4940, 7062]  4557
[170, 4428, 4432, 4434, 4438, 4940, 7062]  4500
[170, 180, 184, 4428, 4432, 4438, 4940]  4557
[170, 180, 184, 188, 4438, 4940, 7062]  4503
[170, 184, 4428, 4432, 4438, 7062, 7092]  4509
[180, 184, 4432, 4434, 4438, 4940, 7062]  4543
[170, 180, 184, 4430, 4434, 4438, 7062]  4515
[180, 184, 4428, 4432, 4434, 4438, 4940]  4507
[170, 180, 184, 4432, 4438, 4940, 7062]  4591
[170, 180, 184, 4432, 4434, 4940, 7062]  4519
[170, 180, 184, 4426, 4432, 4434, 7062]  4519
[170, 180, 184, 4426, 4428, 4434, 7062]  4562
[170, 180, 4426, 4428, 4438, 7062, 7092]  4505
[180, 184, 4428, 4434, 4436, 4438, 7062]  4527
[170, 180, 184, 4426, 4438, 4940, 7062]  4560
[170, 180, 184, 4432, 4434, 4438, 4940]  4542
[170, 184, 4428, 4432, 4434, 4438, 7062]  4581
[170, 180, 184, 4428, 4432, 7062, 7092]  4519
[170, 184, 4426, 4428, 4432, 4438, 7062]  4561
[170, 184, 4428, 4434, 4438, 4940, 7062]  4516
[170, 180, 184, 4426, 4428, 4432, 7062]  4571
[180, 184, 4428, 4438, 4940, 7062, 7092]  4512
[170, 180, 184, 4434, 4436, 4438, 7062]  4569
[180, 184, 4428, 4432, 4438, 7062, 7092]  4544
[170, 180, 184, 4428, 4432, 4438, 7092]  4541
[170, 180, 4426, 4428, 4434, 4438, 7062]  4552
[170, 180, 184, 4428, 4436, 4438, 7062]  4573
[180, 184, 4432, 4434, 4438, 7062, 7092]  4528
[170, 180, 184, 4428, 4434, 4436, 4438]  4525
[170, 180, 184, 4428, 4432, 4438, 7062]  4663
[170, 180, 184, 4438, 4940, 7062, 7092]  4553
[170, 180, 184, 4432, 4438, 7062, 7092]  4574
[170, 180, 184, 4432, 4434, 7062, 7092]  4502
[170, 184, 4426, 4432, 4434, 4438, 7062]  4510
[180, 184, 4426, 4428, 4436, 4438, 7062]  4503
[180, 184, 4428, 4432, 4434, 4438, 7062]  4616
[170, 180, 4426, 4428, 4432, 4434, 4438]  4510
[180, 184, 4426, 4428, 4432, 4438, 7062]  4595
[170, 180, 184, 4426, 4438, 7062, 7092]  4539
[170, 180, 184, 188, 4434, 4438, 7062]  4527
[180, 184, 4428, 4434, 4438, 4940, 7062]  4549
[170, 180, 184, 4428, 4430, 4434, 4438]  4505
[170, 180, 184, 4432, 4434, 4438, 7092]  4524
[170, 184, 4426, 4428, 4438, 4940, 7062]  4526
[170, 184, 4428, 4434, 4438, 7062, 7092]  4501
[170, 180, 184, 4432, 4434, 4438, 7062]  4649
[184, 4426, 4428, 4432, 4434, 4438, 7062]  4513
[170, 180, 184, 4434, 4438, 4940, 7062]  4590
[170, 180, 184, 4428, 4438, 4940, 7092]  4511
[170, 180, 184, 4428, 4432, 4434, 7062]  4590
[170, 180, 184, 4428, 4430, 4432, 4438]  4525
[170, 180, 4428, 4432, 4438, 4940, 7062]  4524
[170, 180, 184, 4426, 4434, 4438, 7062]  4587
[170, 180, 184, 4428, 4438, 4940, 7062]  4621
[170, 180, 184, 4426, 4428, 4436, 4438]  4503
[180, 184, 4426, 4432, 4434, 4438, 7062]  4544
[170, 180, 184, 4428, 4434, 4940, 7062]  4526
[170, 180, 4432, 4434, 4438, 4940, 7062]  4510
[180, 184, 4426, 4428, 4432, 4434, 7062]  4522
[180, 184, 4428, 4430, 4432, 4438, 7062]  4529
[170, 180, 184, 4428, 4434, 4438, 4940]  4548
[180, 184, 4426, 4428, 4438, 4940, 7062]  4558
[170, 180, 184, 4426, 4432, 4434, 4438]  4542
[180, 184, 4428, 4434, 4438, 7062, 7092]  4536
[170, 180, 184, 4426, 4428, 4434, 4438]  4584
[170, 184, 4426, 4428, 4438, 7062, 7092]  4505
[170, 4426, 4428, 4432, 4434, 4438, 7062]  4538
[170, 180, 184, 4430, 4432, 4438, 7062]  4534
[170, 180, 184, 4428, 4432, 4434, 4438, 7062]  4581
[170, 180, 184, 4426, 4428, 4438, 7062, 7092]  4505
[170, 180, 184, 4426, 4428, 4434, 4438, 7062]  4552
[170, 180, 184, 4426, 4428, 4432, 4438, 7062]  4561
[170, 180, 184, 4426, 4432, 4434, 4438, 7062]  4510
[170, 180, 184, 4428, 4432, 4438, 4940, 7062]  4524
[170, 180, 184, 4428, 4434, 4438, 4940, 7062]  4516
[180, 184, 4426, 4428, 4432, 4434, 4438, 7062]  4513
[170, 180, 184, 4426, 4428, 4438, 4940, 7062]  4526
[170, 180, 184, 4432, 4434, 4438, 4940, 7062]  4510
[170, 180, 184, 4426, 4428, 4432, 4434, 4438]  4510
[170, 180, 184, 4428, 4432, 4438, 7062, 7092]  4509
[170, 180, 184, 4428, 4434, 4438, 7062, 7092]  4501
