4940  949
7062  962
7092  945
4426  950
4428  963
4430  919
4432  945
4436  937
4434  948
4438  972
170  962
188  936
180  952
184  952
7102  907
7112  920
[7062, 7112]  907
[4438, 7092]  942
[188, 7062]  924
[180, 4436]  914
[180, 7062]  940
[180, 4438]  949
[4940, 7062]  937
[4438, 7062]  959
[170, 7092]  932
[180, 4428]  941
[180, 4434]  925
[188, 4426]  912
[180, 4432]  922
[4430, 4438]  917
[4438, 7112]  917
[180, 4426]  928
[7062, 7092]  932
[4438, 4940]  946
[188, 4438]  933
[188, 7092]  906
[170, 7112]  909
[4438, 7102]  906
[4432, 4940]  920
[188, 4428]  924
[4940, 7092]  921
[188, 4432]  907
[188, 4434]  909
[170, 4940]  936
[180, 4940]  927
[4426, 7092]  921
[188, 4940]  912
[4436, 7062]  925
[184, 188]  914
[170, 4436]  925
[4432, 4438]  943
[170, 4434]  936
[4432, 4436]  910
[4432, 4434]  927
[170, 4438]  959
[170, 4428]  950
[170, 4426]  938
[170, 4432]  932
[170, 4430]  906
[4426, 7062]  937
[4436, 4940]  911
[4434, 4940]  922
[4436, 7092]  909
[180, 7092]  922
[4428, 7112]  909
[4426, 4940]  927
[184, 7092]  922
[4434, 7062]  936
[4434, 4438]  947
[4428, 7092]  933
[4434, 4436]  916
[4426, 4436]  912
[4426, 4434]  923
[4426, 4438]  947
[170, 180]  944
[4426, 4428]  944
[170, 184]  944
[4426, 4432]  920
[184, 7062]  940
[170, 188]  923
[184, 4426]  928
[184, 4428]  941
[4434, 7092]  919
[170, 7062]  950
[184, 4432]  922
[184, 4434]  925
[184, 4436]  914
[4428, 7062]  950
[184, 4438]  949
[4428, 4940]  938
[180, 184]  952
[4432, 7062]  934
[180, 188]  914
[184, 4940]  927
[4436, 4438]  935
[4428, 4438]  960
[4428, 4436]  925
[4428, 4434]  936
[4428, 4432]  934
[4428, 4430]  913
[4432, 7092]  915
[4430, 7062]  907
[170, 188, 7062]  912
[170, 4438, 7062]  947
[4428, 4438, 7092]  930
[188, 4434, 4438]  908
[170, 4436, 4438]  923
[4436, 4438, 7062]  923
[170, 4432, 4940]  907
[4426, 4438, 7092]  918
[184, 4436, 7062]  903
[4434, 4438, 7062]  935
[184, 4434, 4438]  924
[4434, 4436, 4438]  915
[4432, 4438, 7062]  932
[4432, 4436, 4438]  909
[4430, 4438, 7062]  905
[180, 4436, 7062]  903
[180, 184, 4438]  949
[180, 4434, 4438]  924
[180, 184, 4436]  914
[4428, 4438, 7062]  947
[180, 184, 4434]  925
[180, 184, 4432]  922
[4428, 4436, 4438]  923
[180, 184, 4428]  941
[4426, 4438, 7062]  934
[180, 184, 4426]  928
[4428, 4432, 4940]  910
[4426, 4436, 4438]  910
[180, 184, 7092]  922
[170, 4436, 7062]  914
[170, 184, 4438]  941
[188, 4432, 4438]  905
[170, 4434, 4438]  935
[170, 184, 4436]  907
[180, 184, 188]  914
[170, 184, 4434]  918
[170, 4434, 4436]  905
[170, 180, 4940]  919
[170, 184, 4432]  914
[188, 4428, 4940]  901
[184, 4434, 7062]  914
[170, 184, 4428]  933
[4434, 4436, 7062]  905
[170, 184, 4426]  920
[188, 4940, 7062]  900
[184, 4432, 4438]  920
[4432, 4436, 7062]  900
[184, 4432, 4434]  904
[184, 4428, 4940]  917
[4432, 4434, 4438]  926
[180, 184, 7062]  940
[180, 4434, 7062]  914
[170, 184, 7092]  914
[184, 4940, 7062]  916
[170, 4434, 7092]  907
[180, 4432, 4438]  920
[4428, 4436, 7062]  913
[180, 4432, 4434]  904
[180, 4428, 4940]  917
[4428, 4434, 4438]  935
[170, 184, 188]  906
[4428, 4434, 4436]  904
[4426, 4436, 7062]  900
[180, 4940, 7062]  916
[4426, 4434, 4438]  922
[4438, 4940, 7092]  918
[170, 4940, 7092]  908
[170, 184, 7062]  932
[170, 4434, 7062]  925
[4428, 4434, 7092]  907
[170, 4432, 4438]  930
[170, 4432, 4434]  915
[170, 4428, 4940]  925
[184, 4432, 7062]  912
[4438, 4940, 7062]  934
[170, 4940, 7062]  925
[4432, 4434, 7062]  916
[188, 4438, 4940]  909
[4428, 4940, 7092]  910
[184, 4426, 4940]  906
[4436, 4940, 7062]  900
[180, 4432, 7062]  912
[4426, 4940, 7092]  900
[4434, 4940, 7062]  911
[184, 7062, 7092]  910
[170, 4432, 7092]  902
[4428, 4434, 7062]  924
[184, 4438, 4940]  924
[180, 4426, 4940]  906
[4432, 4940, 7062]  910
[4428, 4432, 4438]  932
[4426, 4434, 7062]  911
[4428, 4432, 4434]  916
[4426, 4432, 4438]  918
[180, 7062, 7092]  910
[180, 4438, 4940]  924
[4426, 4432, 4434]  902
[4426, 4428, 4940]  921
[4428, 4940, 7062]  926
[4426, 4940, 7062]  915
[4438, 7062, 7112]  904
[170, 4432, 7062]  922
[170, 180, 4438]  941
[4428, 4432, 7092]  904
[188, 4428, 4438]  921
[170, 4430, 4438]  904
[170, 180, 4436]  907
[170, 180, 4434]  918
[170, 180, 4432]  914
[170, 4426, 4940]  915
[170, 180, 4428]  933
[170, 180, 4426]  920
[184, 4428, 4438]  938
[4438, 7062, 7092]  929
[170, 7062, 7092]  920
[184, 4428, 4436]  903
[170, 4438, 4940]  933
[184, 4428, 4434]  914
[184, 4428, 4432]  912
[4436, 4438, 4940]  909
[170, 180, 7092]  914
[180, 4428, 4438]  938
[4434, 7062, 7092]  907
[4428, 4432, 7062]  923
[4434, 4438, 4940]  921
[180, 4428, 4436]  903
[180, 4428, 4434]  914
[180, 4428, 4432]  912
[4428, 4430, 4438]  911
[4432, 7062, 7092]  904
[170, 180, 188]  906
[4426, 4432, 7062]  909
[4432, 4438, 4940]  918
[170, 180, 184]  944
[184, 4428, 7092]  911
[4428, 7062, 7092]  920
[4428, 4438, 4940]  935
[180, 4428, 7092]  911
[4426, 7062, 7092]  908
[170, 180, 7062]  932
[188, 4428, 7062]  912
[4426, 4438, 4940]  924
[188, 4426, 4438]  909
[170, 4428, 4438]  947
[170, 4428, 4436]  913
[170, 4428, 4434]  924
[170, 4428, 4432]  921
[184, 4428, 7062]  929
[170, 4428, 4430]  900
[188, 4426, 4428]  906
[184, 4426, 4438]  925
[184, 4426, 4434]  901
[180, 4428, 7062]  929
[184, 188, 4438]  911
[184, 4426, 4428]  923
[170, 4428, 7092]  920
[180, 4426, 4438]  925
[4428, 4430, 7062]  901
[184, 4434, 4940]  900
[180, 4426, 4434]  901
[184, 188, 4428]  903
[180, 188, 4438]  911
[180, 4426, 4428]  923
[188, 4438, 7092]  903
[4426, 4428, 4438]  941
[180, 184, 4940]  927
[4426, 4428, 4436]  906
[180, 4434, 4940]  900
[4426, 4428, 4434]  917
[180, 188, 4428]  903
[4426, 4428, 4432]  915
[4428, 4436, 4940]  900
[184, 4438, 7092]  919
[188, 4426, 7062]  900
[170, 4428, 7062]  938
[170, 4426, 4438]  935
[170, 4426, 4436]  901
[180, 4438, 7092]  919
[170, 4426, 4434]  912
[188, 4438, 7062]  921
[170, 4426, 4432]  908
[4426, 4428, 7092]  915
[184, 4426, 7062]  916
[170, 188, 4438]  920
[170, 4426, 4428]  932
[170, 184, 4940]  919
[170, 4434, 4940]  910
[184, 188, 7062]  903
[170, 4438, 7112]  906
[170, 188, 4428]  911
[184, 4438, 7062]  937
[170, 188, 4426]  900
[180, 4426, 7062]  916
[184, 4436, 4438]  912
[170, 4426, 7092]  909
[180, 188, 7062]  903
[180, 4438, 7062]  937
[4426, 4428, 7062]  931
[4432, 4434, 4940]  902
[170, 4438, 7092]  929
[180, 4436, 4438]  912
[4436, 4438, 7092]  907
[4940, 7062, 7092]  909
[4428, 4434, 4940]  911
[4434, 4438, 7092]  918
[4428, 4438, 7112]  906
[4426, 4434, 4940]  900
[170, 4426, 7062]  926
[4432, 4438, 7092]  913
[184, 4438, 7062, 7092]  907
[170, 184, 4434, 7062]  907
[4434, 4438, 7062, 7092]  906
[170, 184, 4428, 4940]  909
[170, 180, 4434, 7062]  907
[180, 184, 4434, 4438]  924
[4426, 4428, 4432, 4438]  913
[170, 180, 4428, 4940]  909
[170, 184, 188, 4438]  903
[170, 180, 188, 4438]  903
[4428, 4438, 7062, 7092]  917
[170, 4428, 4432, 4438]  919
[184, 188, 4438, 7062]  900
[170, 4426, 4434, 7062]  901
[170, 4428, 4432, 4434]  904
[4426, 4428, 4940, 7062]  909
[170, 4426, 4428, 4940]  909
[180, 4426, 4434, 4438]  900
[170, 184, 4432, 7062]  904
[170, 180, 4432, 7062]  904
[180, 184, 4432, 4438]  920
[180, 184, 4432, 4434]  904
[184, 4434, 4438, 7062]  913
[170, 4428, 4940, 7062]  914
[4428, 4434, 4438, 7092]  906
[184, 4428, 4436, 4438]  901
[4426, 4428, 4438, 4940]  918
[184, 4426, 4438, 7062]  913
[180, 184, 4940, 7062]  916
[180, 4428, 4434, 7062]  903
[170, 4432, 4438, 4940]  905
[4428, 4434, 4438, 7062]  923
[170, 4428, 4438, 4940]  922
[180, 4438, 4940, 7062]  913
[184, 4432, 4434, 4438]  903
[180, 184, 4438, 4940]  924
[184, 4428, 4434, 4438]  913
[180, 184, 188, 7062]  903
[170, 184, 4428, 7092]  903
[170, 180, 184, 4438]  941
[170, 180, 184, 4436]  907
[170, 180, 184, 4434]  918
[170, 180, 184, 4432]  914
[170, 180, 4428, 7092]  903
[170, 180, 184, 4428]  933
[170, 180, 184, 4426]  920
[180, 4428, 4432, 7062]  902
[170, 188, 4428, 7062]  900
[180, 188, 4428, 4438]  900
[4428, 4432, 4434, 4438]  915
[170, 184, 4428, 7062]  921
[180, 4426, 4438, 4940]  903
[188, 4428, 4438, 7062]  909
[170, 180, 4428, 7062]  921
[180, 184, 4428, 4438]  938
[180, 184, 4428, 4436]  903
[170, 4426, 4428, 7092]  903
[4426, 4428, 7062, 7092]  902
[180, 184, 4428, 4434]  914
[180, 184, 4428, 4432]  912
[184, 4428, 4432, 4438]  910
[184, 4426, 4428, 4940]  901
[170, 4428, 7062, 7092]  908
[170, 4426, 4428, 7062]  920
[180, 4426, 4428, 4438]  920
[4426, 4428, 4438, 7092]  912
[170, 184, 4426, 7062]  908
[184, 4428, 4940, 7062]  906
[170, 180, 4426, 7062]  908
[180, 184, 7062, 7092]  910
[180, 184, 4426, 4438]  925
[170, 4432, 4438, 7092]  900
[170, 184, 4436, 4438]  905
[180, 184, 4426, 4434]  901
[4426, 4432, 4438, 7062]  907
[180, 184, 4426, 4428]  923
[170, 4428, 4438, 7092]  917
[170, 180, 4436, 4438]  905
[4426, 4428, 4438, 7062]  928
[180, 4438, 7062, 7092]  907
[180, 184, 4434, 4940]  900
[170, 4436, 4438, 7062]  912
[4428, 4432, 4940, 7062]  900
[170, 4434, 4436, 4438]  904
[170, 4432, 4438, 7062]  920
[184, 4428, 4438, 4940]  914
[170, 4428, 4438, 7062]  935
[180, 184, 4438, 7092]  919
[180, 188, 4438, 7062]  900
[170, 184, 4434, 4438]  917
[4428, 4432, 4438, 4940]  908
[180, 184, 4438, 7062]  937
[170, 180, 4434, 4438]  917
[180, 4434, 4438, 7062]  913
[170, 4428, 4436, 7062]  902
[170, 4426, 4434, 4438]  911
[180, 4428, 4436, 4438]  901
[180, 4426, 4438, 7062]  913
[4432, 4438, 4940, 7062]  908
[170, 184, 4432, 4438]  912
[180, 184, 4436, 7062]  903
[170, 180, 4432, 4438]  912
[4426, 4428, 4434, 7062]  905
[184, 4426, 4428, 7062]  911
[170, 4438, 4940, 7092]  905
[4426, 4438, 4940, 7062]  912
[170, 4432, 4434, 7062]  905
[170, 184, 4940, 7062]  908
[170, 4428, 4434, 7062]  913
[180, 4432, 4434, 4438]  903
[170, 180, 184, 4940]  919
[4432, 4434, 4438, 4940]  901
[170, 4426, 4432, 4438]  906
[170, 180, 4940, 7062]  908
[180, 4428, 4434, 4438]  913
[170, 4438, 4940, 7062]  922
[184, 4428, 4438, 7092]  908
[170, 4434, 4940, 7062]  900
[188, 4426, 4428, 4438]  903
[180, 184, 4434, 7062]  914
[184, 4436, 4438, 7062]  901
[4426, 4428, 4432, 7062]  904
[180, 184, 4428, 4940]  917
[4434, 4436, 4438, 7062]  904
[184, 4432, 4438, 7062]  910
[170, 4426, 4940, 7062]  904
[170, 184, 4438, 4940]  916
[184, 4428, 4438, 7062]  926
[170, 180, 4438, 4940]  916
[4428, 4432, 4438, 7092]  902
[180, 184, 188, 4438]  911
[170, 4428, 4432, 7062]  911
[180, 184, 188, 4428]  903
[170, 4434, 4438, 4940]  909
[180, 4428, 4432, 4438]  910
[4428, 4436, 4438, 7062]  911
[170, 188, 4428, 4438]  908
[180, 4426, 4428, 4940]  901
[4428, 4434, 4436, 4438]  903
[4428, 4432, 4438, 7062]  921
[170, 4426, 4438, 4940]  912
[170, 184, 4428, 4438]  930
[4438, 4940, 7062, 7092]  906
[170, 184, 4428, 4434]  907
[170, 184, 4428, 4432]  904
[180, 184, 4432, 7062]  912
[170, 180, 4428, 4438]  930
[170, 180, 4428, 4434]  907
[180, 184, 4426, 4940]  906
[170, 180, 4428, 4432]  904
[4432, 4438, 7062, 7092]  902
[180, 4428, 4940, 7062]  906
[184, 4426, 4434, 4438]  900
[170, 4426, 4428, 4438]  929
[170, 4426, 4428, 4434]  906
[170, 4426, 4428, 4432]  903
[4426, 4438, 7062, 7092]  905
[170, 184, 7062, 7092]  902
[170, 184, 4426, 4438]  917
[170, 180, 184, 7092]  914
[180, 4428, 4438, 4940]  914
[170, 180, 184, 188]  906
[170, 180, 4426, 4438]  917
[170, 180, 7062, 7092]  902
[170, 184, 4426, 4428]  915
[170, 4438, 7062, 7092]  917
[170, 180, 4426, 4428]  915
[184, 4428, 4434, 7062]  903
[170, 180, 184, 7062]  932
[4432, 4434, 4438, 7062]  915
[180, 184, 4428, 7092]  911
[184, 4438, 4940, 7062]  913
[170, 184, 4438, 7092]  911
[4434, 4438, 4940, 7062]  910
[170, 180, 4438, 7092]  911
[4428, 4438, 4940, 7092]  907
[4428, 4432, 4434, 7062]  905
[170, 188, 4438, 7062]  909
[170, 4434, 4438, 7092]  906
[180, 184, 4428, 7062]  929
[4426, 4434, 4438, 7062]  910
[170, 184, 4438, 7062]  929
[170, 180, 4438, 7062]  929
[4428, 4438, 4940, 7062]  923
[4426, 4428, 4436, 4438]  904
[170, 4426, 4438, 7092]  906
[184, 4428, 4432, 7062]  902
[4428, 4434, 4940, 7062]  900
[170, 4434, 4438, 7062]  924
[184, 188, 4428, 4438]  900
[184, 4426, 4438, 4940]  903
[180, 4426, 4428, 7062]  911
[170, 4428, 4436, 4438]  911
[170, 4426, 4438, 7062]  923
[180, 184, 4426, 7062]  916
[4428, 4434, 4438, 4940]  910
[4426, 4432, 4434, 4438]  901
[180, 184, 4436, 4438]  912
[4426, 4428, 4434, 4438]  916
[180, 4428, 4438, 7092]  908
[184, 4426, 4428, 4438]  920
[180, 4436, 4438, 7062]  901
[170, 4432, 4434, 4438]  914
[180, 4432, 4438, 7062]  910
[170, 4428, 4434, 4438]  923
[180, 4428, 4438, 7062]  926
[170, 180, 184, 4428, 7062]  921
[180, 184, 4426, 4428, 7062]  911
[170, 4426, 4434, 4438, 7062]  900
[170, 4428, 4438, 4940, 7062]  911
[4428, 4432, 4434, 4438, 7062]  904
[4426, 4428, 4432, 4438, 7062]  902
[180, 184, 4428, 4438, 7092]  908
[184, 4428, 4438, 4940, 7062]  903
[170, 180, 4426, 4428, 7062]  903
[180, 184, 4436, 4438, 7062]  901
[180, 184, 4432, 4438, 7062]  910
[170, 180, 184, 4426, 7062]  908
[180, 184, 4428, 4438, 7062]  926
[170, 180, 184, 4436, 4438]  905
[170, 4426, 4428, 4434, 4438]  905
[170, 180, 4428, 4438, 7092]  900
[170, 184, 4426, 4428, 4438]  912
[170, 180, 4432, 4438, 7062]  902
[180, 4428, 4432, 4438, 7062]  900
[170, 180, 4428, 4438, 7062]  918
[170, 180, 184, 4434, 4438]  917
[180, 184, 4426, 4434, 4438]  900
[170, 4426, 4428, 4432, 4438]  901
[170, 4428, 4438, 7062, 7092]  905
[4426, 4428, 4438, 4940, 7062]  906
[180, 184, 4428, 4434, 7062]  903
[170, 180, 184, 4432, 4438]  912
[170, 184, 4434, 4438, 7062]  906
[180, 184, 4438, 4940, 7062]  913
[170, 4426, 4428, 4438, 4940]  906
[170, 184, 4426, 4438, 7062]  905
[170, 180, 184, 4940, 7062]  908
[170, 4428, 4434, 4438, 7062]  912
[170, 180, 4438, 4940, 7062]  905
[180, 4428, 4438, 4940, 7062]  903
[180, 184, 4428, 4432, 7062]  902
[184, 4428, 4434, 4438, 7062]  902
[180, 184, 188, 4428, 4438]  900
[170, 180, 184, 4438, 4940]  916
[180, 184, 4426, 4438, 4940]  903
[170, 184, 4428, 4434, 4438]  906
[170, 4428, 4432, 4434, 4438]  903
[170, 180, 184, 4428, 4438]  930
[180, 184, 4426, 4428, 4438]  920
[170, 180, 184, 4428, 4434]  907
[170, 180, 184, 4428, 4432]  904
[170, 184, 4428, 4432, 4438]  902
[180, 184, 4438, 7062, 7092]  907
[170, 180, 4426, 4428, 4438]  912
[170, 4426, 4428, 4438, 7092]  900
[170, 180, 184, 4426, 4438]  917
[170, 180, 184, 7062, 7092]  902
[170, 180, 184, 4426, 4428]  915
[170, 4426, 4428, 4438, 7062]  917
[180, 184, 188, 4438, 7062]  900
[4426, 4428, 4434, 4438, 7062]  904
[170, 184, 4428, 4438, 4940]  906
[184, 4426, 4428, 4438, 7062]  908
[170, 180, 184, 4438, 7092]  911
[180, 184, 4434, 4438, 7062]  913
[180, 184, 4428, 4436, 4438]  901
[170, 180, 184, 4438, 7062]  929
[180, 184, 4426, 4438, 7062]  913
[170, 180, 4434, 4438, 7062]  906
[180, 4428, 4434, 4438, 7062]  902
[170, 180, 4426, 4438, 7062]  905
[180, 184, 4432, 4434, 4438]  903
[180, 184, 4428, 4434, 4438]  913
[170, 184, 4426, 4428, 7062]  903
[170, 4426, 4438, 4940, 7062]  901
[170, 180, 4428, 4434, 4438]  906
[170, 184, 4428, 4438, 7092]  900
[180, 184, 4428, 4432, 4438]  910
[170, 180, 184, 4434, 7062]  907
[170, 180, 184, 4428, 4940]  909
[180, 184, 4426, 4428, 4940]  901
[170, 184, 4432, 4438, 7062]  902
[170, 184, 4428, 4438, 7062]  918
[170, 180, 184, 188, 4438]  903
[180, 184, 4428, 4940, 7062]  906
[170, 180, 4428, 4432, 4438]  902
[170, 4428, 4436, 4438, 7062]  900
[170, 4428, 4432, 4438, 7062]  909
[180, 4426, 4428, 4438, 7062]  908
[170, 180, 184, 4432, 7062]  904
[180, 184, 4428, 4438, 4940]  914
[184, 4428, 4432, 4438, 7062]  900
[170, 180, 4428, 4438, 4940]  906
[170, 4432, 4434, 4438, 7062]  904
[170, 180, 184, 4428, 7092]  903
[170, 184, 4438, 4940, 7062]  905
[170, 180, 184, 4438, 4940, 7062]  905
[170, 184, 4426, 4428, 4438, 7062]  900
[170, 180, 184, 4428, 4434, 4438]  906
[170, 180, 184, 4426, 4428, 4438]  912
[170, 180, 184, 4426, 4428, 7062]  903
[170, 180, 184, 4428, 4432, 4438]  902
[180, 184, 4428, 4434, 4438, 7062]  902
[180, 184, 4428, 4432, 4438, 7062]  900
[170, 180, 184, 4434, 4438, 7062]  906
[170, 180, 184, 4428, 4438, 7092]  900
[180, 184, 4426, 4428, 4438, 7062]  908
[170, 180, 184, 4432, 4438, 7062]  902
[170, 180, 184, 4428, 4438, 7062]  918
[170, 180, 4426, 4428, 4438, 7062]  900
[170, 180, 184, 4426, 4438, 7062]  905
[170, 180, 184, 4428, 4438, 4940]  906
[180, 184, 4428, 4438, 4940, 7062]  903
[170, 180, 184, 4426, 4428, 4438, 7062]  900
