941  117
332  190
946  151
944  295
336  101
949  150
947  383
334  208
335  143
948  104
530  122
746  195
745  102
534  155
749  145
740  170
538  398
744  213
349  190
932  176
343  154
935  161
937  452
346  326
348  102
735  174
540  123
1  169
541  359
736  133
738  209
6  233
5  100
546  110
4  139
548  274
8  288
733  105
319  133
928  101
923  179
310  150
921  242
513  119
510  335
919  383
918  321
722  606
720  390
517  125
516  160
515  102
914  373
326  173
910  145
322  118
913  210
522  258
716  117
521  169
718  122
523  233
529  696
710  119
526  286
989  124
988  125
571  280
982  184
981  154
984  159
574  137
704  169
572  173
701  144
573  127
578  151
707  142
579  226
576  134
577  167
706  202
978  115
580  147
581  273
308  152
970  211
309  129
975  159
583  128
967  181
966  377
964  146
963  127
960  282
558  111
554  116
550  104
956  364
950  152
952  158
569  268
567  108
561  269
563  101
798  285
797  227
795  339
793  315
792  123
790  113
995  151
992  111
991  139
998  261
782  271
784  129
788  227
789  435
780  232
504  132
509  318
774  220
775  382
778  264
500  147
763  177
765  192
766  658
769  175
752  238
758  298
594  152
597  286
390  259
392  225
598  303
394  112
591  118
593  247
381  285
387  197
385  165
373  197
378  120
377  113
361  116
362  451
368  755
350  306
351  167
355  107
354  558
357  118
804  131
805  174
803  244
800  201
157  139
154  136
600  123
151  261
606  258
605  152
204  208
205  345
201  103
207  110
168  156
208  131
161  239
162  157
163  113
405  154
401  350
403  187
825  286
210  216
823  116
829  687
826  201
214  191
177  492
217  518
820  170
170  110
171  103
417  104
415  100
623  189
175  260
173  108
419  515
620  204
819  150
414  101
413  261
628  107
411  216
812  145
814  184
815  144
227  176
229  254
810  137
427  188
181  128
429  112
428  100
183  401
185  159
611  163
614  320
809  244
423  156
618  132
617  269
422  120
424  160
116  238
841  203
115  168
112  275
110  176
846  163
844  283
432  117
438  456
125  161
126  109
832  176
122  105
129  159
834  133
440  226
120  500
448  122
449  193
860  131
132  249
862  349
867  161
450  219
458  102
130  187
143  135
145  497
147  131
854  293
853  178
857  164
859  139
461  133
460  446
468  103
469  152
140  281
687  190
686  184
682  366
684  553
888  351
884  156
885  316
886  293
887  159
883  499
678  130
676  294
675  334
674  244
673  158
878  202
874  211
871  287
694  265
890  144
899  114
893  226
897  193
692  492
895  360
649  130
197  118
196  202
192  208
641  150
198  141
639  172
638  228
634  230
631  270
632  122
630  161
661  261
663  229
665  127
658  200
651  129
653  300
35  216
33  135
39  438
37  116
38  255
43  174
41  128
25  134
27  224
28  138
32  435
31  165
17  160
12  316
21  274
10  122
78  267
85  152
69  257
68  161
70  260
71  335
72  281
73  226
75  289
58  137
57  275
55  193
48  236
45  179
51  159
52  220
54  275
487  320
280  213
486  163
285  271
489  344
283  391
480  234
477  245
274  282
275  158
276  267
277  103
279  305
470  434
471  279
472  222
105  129
104  112
100  180
97  158
94  123
93  280
294  149
90  181
296  222
496  136
290  189
494  521
490  118
240  148
242  246
239  262
234  132
236  242
266  110
265  130
906  127
259  156
900  119
[39, 825]  112
[39, 704]  103
[70, 684]  101
[217, 346]  113
[368, 829]  111
[368, 682]  110
[704, 825]  105
[684, 819]  100
[789, 829]  125
