941  17
332  19
946  12
944  31
949  17
336  13
334  21
947  39
335  12
948  10
530  13
746  18
534  13
740  18
538  51
744  33
349  25
932  13
343  11
935  21
346  35
937  46
348  15
735  13
1  12
541  38
736  16
544  10
6  22
738  29
5  11
4  16
548  37
8  26
319  19
928  12
926  12
923  20
310  15
921  26
922  10
513  12
510  33
919  31
918  26
722  59
720  40
517  10
516  17
328  12
914  40
325  12
326  13
910  15
911  11
913  19
322  12
522  26
716  11
521  14
523  15
529  80
526  29
527  19
989  16
988  12
571  19
982  21
981  14
984  13
574  15
704  17
572  14
573  13
578  14
707  14
579  18
576  14
706  13
577  13
978  14
580  25
304  13
581  28
308  11
970  28
309  10
975  22
583  14
967  14
966  29
964  17
963  15
960  30
558  13
554  12
550  11
956  40
950  19
952  12
569  25
568  10
561  27
563  12
798  27
797  28
795  31
793  32
792  12
790  16
995  15
998  28
782  29
785  10
788  23
789  39
780  26
505  12
504  13
509  33
774  27
775  44
778  26
500  12
763  25
765  15
766  51
769  23
752  33
758  26
759  13
595  10
594  17
597  29
390  28
598  42
392  20
395  15
593  38
381  29
388  11
387  20
385  19
373  23
378  11
377  14
361  12
362  40
366  13
368  73
350  45
351  14
352  14
355  17
354  73
357  17
805  19
803  26
800  16
158  10
154  15
600  13
151  27
606  26
605  22
203  10
204  23
205  36
201  11
207  11
208  12
168  14
167  12
161  30
162  16
405  18
406  12
401  29
403  20
825  37
210  20
829  76
826  22
214  22
177  50
217  51
820  11
170  15
623  14
175  27
419  47
620  17
626  10
819  15
414  10
413  30
629  11
411  23
628  14
812  19
814  24
815  14
227  22
229  23
810  10
427  16
429  16
181  16
428  10
183  40
185  13
611  10
614  37
809  20
421  11
423  11
618  16
617  22
422  17
424  16
116  25
843  14
117  11
842  12
841  17
114  10
115  20
112  30
110  23
111  11
846  13
118  11
844  28
432  10
438  45
125  18
126  11
832  31
834  15
833  10
447  11
440  14
120  39
448  20
449  21
860  16
132  23
139  11
862  41
867  18
450  30
458  11
456  12
130  14
145  41
147  21
854  32
853  17
857  19
461  22
460  45
468  13
469  12
140  34
687  17
686  12
688  12
682  43
684  61
888  36
884  15
885  27
886  38
887  22
883  44
678  12
676  28
675  30
674  25
673  14
879  13
878  17
874  19
871  30
694  37
890  19
893  17
897  15
692  48
895  36
690  15
649  15
197  11
645  10
196  25
640  10
641  21
192  25
198  17
639  19
638  23
633  11
634  26
631  25
632  10
630  15
661  30
663  22
665  10
658  20
651  13
653  33
35  20
39  52
37  10
38  20
41  12
25  11
27  25
28  12
32  35
31  18
17  20
18  10
12  37
21  33
10  10
78  33
69  33
68  13
70  29
71  35
72  31
73  26
75  31
58  24
57  30
55  18
48  31
45  17
51  21
52  23
54  22
487  26
280  22
285  27
283  36
489  38
480  25
474  11
475  10
477  27
274  26
275  13
276  20
277  14
279  42
470  34
471  33
472  31
105  10
104  13
100  13
97  15
95  10
94  11
93  35
294  13
90  15
296  21
290  16
496  14
494  59
490  13
240  17
242  26
249  10
239  26
234  18
236  31
265  16
252  10
258  14
906  17
259  23
905  15
[21, 57]  10
[27, 58]  11
[21, 413]  14
[27, 480]  10
[27, 354]  10
[21, 857]  13
[39, 350]  11
[27, 752]  10
[39, 145]  12
[21, 793]  15
[39, 825]  15
[39, 704]  12
[58, 480]  11
[58, 354]  12
[58, 357]  10
[69, 362]  10
[58, 752]  11
[72, 541]  11
[75, 684]  10
[78, 538]  10
[120, 895]  13
[120, 862]  10
[120, 593]  10
[217, 346]  11
[214, 354]  11
[192, 935]  10
[242, 471]  10
[227, 390]  11
[242, 758]  11
[368, 829]  15
[350, 803]  10
[357, 752]  10
[354, 752]  11
[354, 480]  10
[354, 583]  10
[357, 480]  10
[392, 862]  10
[385, 684]  10
[390, 722]  10
[413, 857]  13
[413, 793]  14
[411, 803]  11
[460, 923]  11
[460, 684]  15
[450, 937]  10
[448, 538]  11
[516, 744]  11
[529, 598]  11
[529, 829]  10
[471, 960]  11
[480, 752]  11
[494, 862]  10
[494, 944]  10
[593, 862]  12
[593, 895]  11
[704, 825]  12
[684, 819]  10
[675, 886]  10
[684, 923]  10
[793, 857]  13
[862, 895]  11
[862, 944]  11
[27, 58, 480]  10
[27, 58, 752]  10
[21, 413, 857]  13
[21, 413, 793]  14
[27, 480, 752]  10
[21, 793, 857]  13
[39, 704, 825]  11
[58, 354, 480]  10
[58, 357, 480]  10
[58, 480, 752]  11
[58, 354, 752]  10
[58, 357, 752]  10
[120, 862, 895]  10
[120, 593, 895]  10
[120, 593, 862]  10
[357, 480, 752]  10
[354, 480, 752]  10
[413, 793, 857]  13
[460, 684, 923]  10
[593, 862, 895]  11
[27, 58, 480, 752]  10
[21, 413, 793, 857]  13
[58, 354, 480, 752]  10
[58, 357, 480, 752]  10
[120, 593, 862, 895]  10
