941  55
332  92
946  78
944  138
949  76
947  191
334  117
948  66
335  63
530  63
746  100
534  88
749  67
740  89
538  180
744  119
349  112
932  90
343  86
935  81
937  232
346  182
347  55
348  78
540  71
735  82
1  76
736  66
541  206
7  54
738  77
6  102
5  58
546  51
4  76
548  149
8  156
733  52
732  54
319  79
928  53
310  86
923  79
921  117
922  54
513  73
510  156
919  200
918  159
722  342
720  196
517  59
516  77
515  60
329  50
914  205
325  52
326  86
910  94
913  93
322  71
522  137
521  100
716  63
718  72
523  108
712  58
529  368
710  51
526  161
527  69
989  68
988  57
571  140
982  80
981  83
984  96
574  56
704  102
572  78
701  60
573  75
707  75
578  63
708  66
579  103
576  78
706  97
577  75
978  54
580  92
581  141
308  74
970  111
309  51
975  99
583  60
585  58
967  82
966  215
964  67
963  64
960  145
554  50
550  51
956  184
950  67
952  82
569  157
561  137
563  59
798  180
797  137
795  187
793  161
792  69
790  60
995  84
992  66
991  53
998  133
782  130
784  65
788  124
789  217
780  107
505  52
504  74
509  166
774  94
775  206
778  131
500  69
763  75
765  92
766  319
769  86
752  113
758  152
594  65
597  116
390  146
392  121
598  132
395  57
394  54
591  72
593  140
381  150
388  53
387  101
385  79
373  112
378  56
377  58
361  60
362  222
366  71
368  394
350  159
351  75
355  50
354  322
357  61
804  72
805  88
803  117
800  100
157  56
154  75
600  59
151  142
608  53
606  124
605  86
203  57
204  113
205  172
201  62
207  64
168  83
208  67
161  124
162  80
163  60
405  77
401  178
403  100
825  153
210  96
823  56
829  352
826  112
214  91
177  215
217  258
820  76
170  76
417  53
623  100
175  139
419  260
173  51
620  98
624  55
819  62
414  60
413  135
628  56
411  104
812  80
814  82
815  78
224  54
227  105
229  133
810  68
427  110
429  51
181  60
428  68
183  216
185  93
611  75
614  137
809  104
423  74
618  55
422  55
617  133
424  66
116  116
843  66
841  104
115  90
112  137
110  99
111  59
846  70
118  54
844  139
432  56
438  189
125  65
126  62
832  104
831  52
122  57
129  72
834  70
440  95
120  239
448  55
449  104
132  131
862  191
867  71
450  111
130  101
143  88
145  220
147  66
854  152
853  98
855  57
857  75
859  54
461  82
460  212
464  53
468  57
469  94
140  148
687  98
686  69
682  206
684  251
888  196
884  75
885  145
886  151
887  72
883  250
678  84
676  128
675  174
674  149
673  82
879  52
878  102
874  132
871  146
694  139
890  76
899  59
893  92
897  95
692  243
895  188
649  74
197  57
196  113
192  107
641  79
198  73
639  81
638  113
634  124
631  161
632  59
630  79
661  142
663  108
658  79
651  60
653  145
35  122
33  75
39  228
37  52
38  144
43  96
41  74
25  74
27  101
28  77
32  235
31  100
17  100
12  162
21  141
10  85
78  132
85  62
69  103
68  86
70  121
71  161
72  151
73  116
75  148
58  68
57  120
55  103
48  136
45  85
44  52
51  82
52  111
54  121
487  159
280  87
486  71
285  126
489  175
283  207
480  120
481  53
477  129
274  146
275  91
276  133
277  56
279  144
470  208
471  144
472  115
105  54
104  73
100  67
97  81
94  69
93  145
90  89
294  75
296  110
496  60
290  72
494  268
490  60
240  74
242  86
239  149
234  84
236  129
266  61
265  66
906  64
259  79
900  57
[39, 825]  70
[39, 704]  68
[217, 346]  68
[227, 722]  57
[227, 390]  51
[368, 829]  59
[368, 682]  58
[390, 722]  53
[471, 678]  50
[471, 960]  54
[704, 825]  64
[789, 829]  60
[39, 704, 825]  63
