941  22
332  27
946  27
944  60
949  34
336  20
334  43
947  66
335  26
948  22
530  21
746  43
745  20
534  35
749  24
740  25
538  68
744  41
349  38
932  37
343  23
935  39
346  86
937  93
348  32
735  38
3  20
540  30
1  27
541  78
736  20
7  20
6  44
738  38
4  28
548  48
8  61
733  28
319  25
923  36
921  58
922  21
513  27
510  69
919  87
918  59
722  115
720  89
518  25
517  25
516  23
515  28
914  75
326  29
910  32
912  23
913  43
522  49
716  26
521  32
523  36
712  21
529  128
526  58
527  31
989  33
988  35
571  58
982  36
981  39
980  22
984  31
574  26
704  46
701  26
572  26
573  22
578  23
707  24
579  45
708  34
576  22
706  37
577  42
978  32
580  40
581  58
308  34
970  28
309  27
975  38
583  22
969  23
967  29
966  75
964  29
963  30
960  49
550  26
956  73
950  37
952  27
569  54
567  26
561  66
563  24
798  66
797  67
795  65
793  57
792  23
995  31
992  31
991  21
998  56
782  61
784  21
788  57
789  91
780  51
509  67
774  38
507  24
775  60
778  48
500  27
763  47
765  32
766  113
769  22
752  49
758  50
594  32
597  51
390  61
392  39
598  56
394  27
590  20
593  51
381  50
387  43
385  31
373  46
378  34
377  23
362  83
366  24
368  159
350  57
351  36
354  92
357  24
804  30
805  33
803  46
800  37
157  22
154  27
151  48
606  55
605  33
204  48
205  67
201  22
207  24
208  39
168  36
161  36
162  27
163  28
405  36
160  23
401  76
403  37
825  68
210  38
829  146
826  46
214  42
217  105
177  85
820  28
171  22
417  20
623  37
175  57
620  44
419  108
414  28
413  56
411  47
628  22
812  23
814  39
224  32
815  21
227  33
229  38
810  29
427  38
181  21
183  88
185  27
611  40
809  33
614  63
618  38
423  23
422  20
617  47
424  34
843  23
116  54
841  43
115  31
112  40
110  40
846  34
844  54
438  93
125  31
832  38
839  21
834  31
129  38
447  22
440  33
120  100
448  21
449  41
860  34
132  50
862  58
867  33
450  44
458  27
130  45
143  26
145  80
147  30
854  60
853  36
857  29
859  24
461  21
460  98
468  20
469  37
140  48
687  43
686  37
682  85
684  89
888  86
884  32
885  51
886  42
887  24
883  101
676  46
675  49
674  55
673  36
878  29
874  52
871  50
694  64
890  33
899  28
893  37
897  43
692  109
895  69
197  23
196  48
193  21
640  24
192  43
641  25
198  24
639  27
638  44
634  62
631  61
630  29
661  55
663  39
665  29
659  20
658  36
651  26
653  50
35  39
33  39
39  99
38  61
43  34
41  31
25  23
27  40
28  26
32  89
31  33
17  35
12  69
21  51
10  31
78  56
85  30
69  53
68  28
70  42
71  86
72  52
73  34
75  57
58  23
57  49
55  47
48  42
45  43
44  21
51  33
52  37
54  46
487  61
486  24
280  48
484  25
285  55
489  49
283  81
480  59
477  45
274  57
275  29
276  54
277  23
279  50
470  89
471  49
472  49
105  23
100  46
97  34
94  22
93  62
90  28
294  36
296  39
290  40
496  29
494  100
298  20
490  20
240  38
242  48
239  57
234  31
236  51
265  32
252  25
906  27
259  24
900  27
[6, 32]  20
[12, 460]  22
[33, 217]  22
[33, 283]  21
[33, 515]  22
[33, 346]  23
[39, 825]  35
[39, 704]  32
[217, 346]  38
[217, 283]  23
[208, 458]  20
[208, 290]  22
[208, 888]  22
[217, 515]  21
[227, 390]  23
[208, 969]  22
[283, 346]  23
[290, 969]  22
[290, 888]  22
[290, 458]  21
[283, 515]  20
[346, 515]  22
[346, 561]  20
[368, 682]  21
[346, 888]  22
[458, 969]  21
[458, 888]  21
[470, 995]  20
[561, 888]  21
[704, 825]  29
[789, 829]  30
[888, 969]  23
[33, 217, 283]  20
[33, 217, 515]  21
[33, 217, 346]  22
[33, 283, 515]  20
[33, 283, 346]  21
[33, 346, 515]  22
[39, 704, 825]  29
[217, 283, 346]  21
[217, 346, 515]  21
[208, 290, 458]  20
[208, 458, 888]  20
[208, 458, 969]  20
[208, 290, 888]  21
[208, 290, 969]  21
[208, 888, 969]  22
[283, 346, 515]  20
[290, 888, 969]  22
[290, 458, 969]  21
[290, 458, 888]  21
[346, 561, 888]  20
[458, 888, 969]  21
[33, 217, 283, 346]  20
[33, 217, 346, 515]  21
[33, 283, 346, 515]  20
[208, 290, 458, 888]  20
[208, 290, 458, 969]  20
[208, 458, 888, 969]  20
[208, 290, 888, 969]  21
[290, 458, 888, 969]  21
[208, 290, 458, 888, 969]  20
