338  409
339  890
941  518
940  379
332  348
946  680
943  379
944  809
949  823
336  365
947  819
334  788
948  455
335  378
530  312
746  813
745  489
534  387
749  303
740  338
538  1238
537  505
536  340
744  371
742  522
349  720
932  399
933  339
934  330
343  733
345  596
346  983
937  1663
347  616
938  756
348  666
540  717
3  429
735  600
2  516
1  681
736  943
541  1260
544  375
738  787
6  333
5  352
4  573
548  737
8  1425
733  373
732  418
319  697
316  1036
314  350
928  511
925  310
310  601
921  686
922  396
513  525
511  383
510  2026
919  1133
918  1117
722  1609
720  1511
516  500
328  400
914  1763
915  368
326  960
910  649
320  336
911  433
321  493
912  384
322  718
913  979
522  764
521  313
719  461
523  627
712  543
715  328
529  2340
711  549
710  590
526  663
525  367
528  379
527  546
989  857
988  383
571  902
982  1155
981  628
984  828
983  576
574  618
575  374
572  670
701  625
573  867
578  555
707  593
579  870
576  740
705  392
577  518
706  1097
300  529
978  317
304  423
581  793
308  530
970  455
307  342
972  489
975  601
583  576
585  552
588  368
968  597
967  840
966  1362
964  413
963  326
962  306
960  337
558  372
554  820
553  370
550  682
956  1707
952  834
569  490
567  575
568  458
561  954
562  305
563  389
798  649
797  1087
795  1129
793  676
792  624
790  473
992  816
991  552
998  743
782  714
784  729
785  881
788  519
789  646
780  580
505  490
771  447
504  380
509  981
507  487
775  1388
778  767
763  695
766  1837
769  630
752  1331
753  301
758  824
594  431
597  1222
390  740
392  507
598  886
395  501
593  1069
381  1161
387  622
385  570
371  303
373  1005
378  325
375  384
374  321
377  1046
376  331
362  1530
366  537
364  427
368  2981
350  996
351  737
352  440
355  418
354  1347
357  419
807  368
804  782
805  486
803  535
800  914
801  345
159  600
158  451
157  410
155  615
154  455
151  1125
608  301
606  830
605  406
602  464
204  1278
205  1645
201  464
165  411
207  842
168  682
208  395
161  1169
408  695
162  469
405  765
401  1213
403  575
824  355
825  602
212  382
210  491
828  443
215  362
829  2331
216  301
826  776
217  1954
177  1385
176  537
820  786
417  512
171  637
415  325
623  555
175  681
622  332
172  417
419  1968
620  535
173  329
624  438
819  694
414  604
413  1245
412  615
629  696
411  567
628  718
220  714
812  534
814  776
224  367
226  374
817  439
227  728
229  966
187  413
427  1047
180  548
181  408
183  1042
185  501
612  466
611  584
614  953
809  955
421  474
618  660
423  317
617  473
422  452
424  620
116  682
843  464
117  360
841  653
114  580
115  1076
112  1041
110  1144
111  678
118  758
844  705
432  393
430  454
438  1845
125  594
830  321
127  556
831  352
122  827
129  665
834  309
833  550
835  397
440  668
443  498
120  1377
449  506
860  444
132  944
138  371
862  1162
867  661
450  1325
458  300
130  782
143  395
145  1601
854  1003
853  328
855  427
857  386
461  448
460  1193
467  612
468  525
469  333
140  1340
142  477
141  521
687  849
686  760
689  444
688  370
682  1725
684  931
888  810
884  498
885  892
886  1047
680  309
887  524
881  324
883  1590
678  394
676  1313
675  1142
674  1010
673  386
878  628
876  527
874  520
871  584
694  1255
890  1240
697  392
899  485
893  920
897  1555
692  1734
895  1555
690  525
647  382
649  445
194  348
197  752
196  923
640  445
193  362
192  765
641  558
198  939
639  631
638  513
634  1030
631  940
661  878
663  1046
665  480
659  383
657  472
658  754
651  303
655  380
653  615
35  650
33  463
39  793
38  793
43  798
41  316
22  401
24  475
25  894
26  520
27  762
28  591
32  1044
31  889
17  576
12  1339
21  959
10  355
78  762
82  756
85  585
69  966
68  522
70  1167
71  1325
72  1157
73  1039
74  319
75  389
58  572
57  467
55  1334
48  774
45  699
44  320
46  873
51  739
52  330
53  598
54  904
487  1168
280  926
486  412
484  721
285  426
489  1851
283  1458
480  1369
474  510
272  330
477  1087
274  563
275  743
276  1023
279  1104
470  1244
472  874
108  381
104  624
102  437
100  586
98  304
97  726
96  398
93  930
294  1209
296  636
290  572
496  502
492  442
494  1060
298  525
299  411
490  481
88  448
89  394
240  306
243  303
242  828
249  322
239  1027
234  756
236  1086
268  372
266  932
265  575
258  637
904  435
259  706
900  692
254  482
256  357
[8, 419]  305
[8, 368]  395
[8, 529]  335
[12, 419]  355
[12, 368]  439
[8, 510]  328
[12, 362]  358
[8, 692]  358
[12, 529]  307
[12, 510]  301
[8, 829]  323
[8, 766]  304
[12, 895]  306
[25, 510]  312
[25, 368]  322
[32, 510]  322
[43, 368]  310
[55, 368]  411
[55, 362]  310
[55, 480]  341
[55, 510]  417
[71, 368]  377
[70, 419]  377
[72, 368]  327
[69, 368]  338
[70, 368]  317
[72, 529]  357
[70, 510]  300
[71, 438]  320
[71, 914]  340
[71, 752]  339
[72, 682]  336
[93, 368]  325
[120, 205]  302
[115, 368]  355
[112, 510]  313
[120, 368]  536
[110, 368]  335
[112, 368]  341
[140, 217]  304
[120, 510]  321
[120, 529]  330
[110, 829]  356
[145, 529]  390
[145, 438]  300
[140, 829]  319
[140, 419]  378
[145, 217]  474
[140, 368]  342
[145, 368]  405
[140, 529]  303
[145, 419]  313
[132, 829]  329
[161, 682]  320
[161, 529]  372
[161, 368]  351
[145, 829]  313
[145, 914]  354
[140, 937]  320
[177, 368]  385
[177, 438]  392
[177, 217]  394
[204, 368]  385
[205, 217]  323
[198, 368]  456
[177, 829]  354
[205, 829]  350
[217, 460]  308
[217, 480]  309
[217, 489]  382
[205, 766]  300
[217, 419]  427
[204, 829]  300
[217, 438]  314
[217, 368]  699
[217, 283]  336
[205, 509]  386
[205, 510]  369
[205, 529]  376
[205, 489]  313
[204, 419]  316
[205, 368]  529
[205, 419]  301
[236, 529]  331
[239, 368]  300
[205, 966]  313
[217, 510]  351
[217, 529]  484
[217, 561]  302
[217, 722]  309
[217, 692]  362
[217, 682]  366
[217, 829]  423
[217, 766]  350
[217, 775]  328
[217, 795]  334
[217, 956]  367
[217, 914]  378
[217, 895]  383
[217, 937]  367
[266, 529]  300
[276, 368]  357
[279, 368]  364
[279, 419]  377
[283, 368]  419
[266, 368]  415
[294, 368]  382
[283, 529]  343
[283, 510]  367
[283, 829]  333
[294, 529]  427
[283, 766]  303
[346, 368]  308
[368, 775]  423
[368, 752]  450
[368, 766]  455
[368, 800]  336
[368, 797]  307
[368, 795]  398
[362, 895]  373
[368, 706]  356
[368, 692]  615
[368, 694]  332
[368, 722]  487
[368, 720]  519
[368, 895]  533
[368, 897]  458
[368, 890]  348
[368, 883]  422
[368, 886]  362
[368, 937]  543
[381, 529]  317
[368, 919]  363
[368, 913]  345
[368, 914]  582
[368, 918]  428
[368, 829]  734
[368, 860]  329
[368, 510]  561
[368, 509]  348
[368, 529]  775
[368, 538]  375
[368, 541]  426
[368, 438]  552
[368, 450]  484
[368, 460]  403
[368, 470]  389
[368, 477]  330
[368, 480]  353
[368, 494]  354
[368, 487]  353
[368, 489]  634
[362, 829]  328
[368, 663]  324
[368, 661]  313
[368, 682]  638
[368, 676]  365
[368, 675]  400
[368, 571]  307
[368, 576]  323
[368, 597]  355
[354, 694]  347
[362, 368]  514
[368, 427]  303
[368, 419]  535
[368, 413]  446
[368, 401]  402
[354, 829]  398
[368, 381]  394
[368, 377]  333
[368, 373]  351
[362, 529]  335
[362, 510]  332
[354, 438]  300
[354, 368]  376
[354, 529]  384
[413, 529]  342
[401, 489]  333
[381, 829]  309
[368, 982]  372
[368, 956]  471
[368, 966]  347
[438, 766]  338
[438, 722]  415
[438, 692]  308
[438, 529]  494
[438, 510]  426
[438, 494]  380
[438, 489]  430
[438, 470]  320
[419, 914]  309
[419, 956]  340
[419, 937]  406
[419, 897]  474
[419, 895]  302
[419, 883]  319
[419, 829]  483
[413, 956]  320
[427, 529]  358
[419, 752]  309
[413, 937]  305
[419, 766]  351
[413, 895]  311
[419, 720]  356
[419, 722]  308
[419, 676]  337
[419, 597]  326
[419, 529]  414
[419, 510]  424
[419, 489]  304
[419, 470]  306
[419, 480]  349
[419, 450]  302
[419, 438]  314
[470, 529]  367
[460, 766]  300
[460, 529]  343
[450, 766]  331
[438, 956]  352
[450, 692]  307
[438, 883]  308
[438, 829]  415
[438, 890]  320
[510, 829]  437
[510, 890]  309
[510, 766]  378
[510, 720]  327
[510, 752]  313
[510, 682]  350
[510, 676]  318
[510, 694]  317
[510, 692]  421
[529, 538]  344
[529, 541]  318
[510, 914]  340
[510, 897]  364
[510, 895]  337
[510, 956]  330
[510, 937]  451
[529, 752]  413
[529, 766]  378
[529, 775]  305
[529, 722]  313
[529, 720]  388
[529, 692]  552
[529, 694]  356
[529, 706]  374
[529, 682]  429
[529, 676]  339
[529, 597]  314
[529, 982]  319
[529, 966]  314
[529, 956]  358
[529, 937]  346
[529, 914]  414
[529, 897]  313
[529, 895]  300
[529, 883]  425
[529, 862]  341
[529, 854]  334
[529, 829]  574
[477, 829]  333
[489, 510]  313
[470, 937]  300
[489, 675]  315
[489, 692]  348
[489, 682]  449
[489, 722]  396
[489, 720]  305
[489, 766]  351
[487, 829]  386
[480, 829]  337
[489, 529]  460
[480, 897]  317
[489, 956]  460
[489, 829]  396
[489, 883]  321
[510, 529]  438
[510, 581]  366
[597, 829]  361
[538, 829]  304
[538, 956]  380
[720, 766]  372
[722, 829]  324
[720, 829]  337
[722, 956]  357
[675, 937]  309
[682, 829]  421
[682, 914]  339
[682, 883]  355
[675, 682]  321
[676, 829]  384
[692, 914]  331
[692, 937]  381
[682, 956]  312
[692, 829]  523
[800, 829]  338
[775, 829]  414
[766, 914]  362
[752, 829]  330
[766, 883]  331
[766, 829]  370
[829, 966]  317
[829, 956]  403
[829, 982]  322
[829, 937]  364
[829, 895]  393
[829, 897]  360
[829, 914]  392
[829, 886]  361
[829, 883]  330
[809, 956]  326
[914, 937]  324
[914, 956]  325
[914, 966]  314
[897, 937]  339
[895, 937]  476
[895, 914]  335
[937, 956]  302
