338  48
339  88
941  46
940  37
946  71
943  41
944  82
336  41
949  77
947  95
334  96
948  44
335  40
530  31
746  87
745  49
534  51
740  34
538  121
537  39
536  41
744  34
742  44
349  75
932  39
933  33
343  87
934  37
935  31
345  63
937  152
346  99
938  80
347  55
348  53
939  32
735  64
3  47
540  70
2  43
1  66
736  96
541  135
544  36
6  34
738  67
4  56
548  72
8  155
730  31
732  49
319  73
316  109
314  41
928  50
310  72
921  67
922  32
513  50
511  32
510  181
725  33
919  122
918  134
722  176
720  133
516  43
328  35
914  175
915  37
326  105
910  70
320  31
911  53
321  51
912  40
322  70
913  109
522  93
521  35
719  60
718  36
523  60
712  50
529  221
711  49
710  66
526  68
525  35
528  40
527  56
989  67
988  46
571  84
982  125
981  70
980  32
984  69
983  46
574  67
575  41
572  70
701  72
573  88
707  69
578  51
579  89
705  33
576  74
577  42
706  123
300  49
978  38
304  50
581  67
308  65
307  32
972  50
975  51
583  50
585  46
588  41
968  56
967  103
966  120
964  38
960  33
558  46
554  71
550  67
956  163
952  65
569  56
567  41
568  37
561  105
798  49
797  117
795  104
794  40
793  63
792  55
790  49
992  84
991  64
998  88
782  67
784  72
785  80
788  61
789  65
780  39
505  48
771  47
504  31
509  94
507  44
775  135
778  61
763  50
765  30
766  206
769  81
752  131
753  31
758  87
595  32
594  48
597  109
390  64
598  72
392  43
395  51
397  31
593  101
381  121
387  66
385  67
373  115
378  38
375  39
377  93
376  34
361  36
362  156
366  53
364  31
368  305
350  90
351  81
352  32
355  31
354  146
357  38
807  40
804  69
805  45
803  59
800  94
801  37
159  47
158  46
157  45
155  51
154  37
601  38
151  115
608  36
606  76
605  40
602  35
203  32
204  135
205  164
201  34
207  85
165  38
208  43
168  53
209  30
161  101
408  90
162  49
405  93
407  34
401  123
403  48
824  34
825  76
212  46
210  43
215  33
828  44
829  243
216  42
826  72
177  129
217  194
176  37
820  85
417  49
171  61
623  52
622  30
175  67
172  36
620  46
419  190
173  30
624  49
819  61
414  58
413  115
412  53
629  79
628  77
411  66
220  66
812  50
814  70
224  39
226  37
817  49
227  70
187  56
229  81
427  116
180  50
181  49
183  96
185  48
612  55
611  71
614  89
809  102
421  38
618  70
617  38
422  43
424  68
843  52
116  63
114  58
841  55
115  112
112  107
110  127
111  57
846  35
118  68
844  66
430  56
438  182
830  39
125  57
127  58
831  39
122  78
129  54
833  58
835  34
440  71
443  39
120  134
449  56
860  55
132  111
138  45
862  120
137  30
867  70
450  129
458  34
456  39
459  32
130  73
143  55
145  167
854  122
853  39
855  49
859  40
461  40
460  117
467  66
468  51
469  35
140  141
142  59
141  52
687  81
686  91
689  40
682  188
684  100
888  82
884  51
885  96
886  116
887  61
681  33
883  168
678  36
676  130
675  137
674  104
673  41
878  67
876  53
874  62
871  60
694  131
890  127
899  56
893  91
897  161
692  176
895  159
690  53
647  43
649  39
642  36
194  43
197  75
196  89
640  45
193  33
192  87
641  58
198  92
639  68
638  50
634  92
631  99
630  30
661  95
663  131
665  51
659  33
657  45
658  69
651  45
655  36
653  62
35  85
33  47
39  74
38  67
43  85
41  32
22  35
24  43
25  84
26  46
27  85
28  50
32  96
31  85
17  59
12  143
21  93
10  39
78  76
82  66
85  69
69  97
68  54
70  112
71  147
72  129
73  113
74  33
75  40
58  54
57  33
55  140
48  74
45  78
44  35
46  99
51  84
52  35
53  53
54  79
487  96
280  84
486  38
484  73
285  38
283  145
489  184
480  158
474  40
272  30
477  113
274  45
273  30
275  67
276  108
279  83
470  134
471  32
472  77
108  41
105  30
104  71
102  42
100  48
97  70
96  38
93  88
90  30
294  148
296  71
496  45
290  57
492  37
494  101
298  66
299  43
490  35
88  41
243  34
242  83
249  30
230  35
239  101
234  65
236  109
263  39
266  78
265  53
904  46
258  79
905  37
259  71
900  75
254  46
[8, 70]  32
[12, 145]  36
[8, 438]  31
[8, 368]  48
[8, 354]  31
[8, 529]  41
[8, 541]  31
[12, 419]  39
[12, 368]  46
[8, 489]  31
[12, 362]  37
[8, 480]  31
[8, 692]  37
[8, 682]  37
[8, 676]  35
[8, 663]  31
[12, 529]  35
[12, 510]  35
[12, 480]  31
[8, 829]  42
[12, 686]  34
[8, 766]  38
[12, 895]  32
[12, 914]  31
[12, 722]  31
[12, 766]  37
[25, 368]  32
[8, 895]  35
[12, 829]  37
[32, 217]  31
[35, 489]  30
[32, 368]  30
[35, 368]  35
[55, 71]  32
[35, 682]  33
[46, 368]  32
[43, 368]  35
[55, 326]  31
[46, 661]  31
[55, 368]  37
[55, 362]  31
[51, 368]  33
[46, 829]  40
[55, 480]  40
[45, 829]  33
[55, 510]  33
[71, 368]  35
[70, 419]  30
[55, 883]  41
[72, 368]  35
[69, 368]  33
[55, 829]  35
[70, 368]  30
[55, 766]  34
[71, 283]  32
[55, 682]  31
[73, 145]  30
[72, 529]  37
[71, 489]  35
[70, 510]  32
[71, 438]  32
[71, 914]  30
[73, 829]  32
[71, 897]  30
[71, 829]  30
[71, 752]  31
[72, 692]  30
[72, 682]  41
[85, 682]  32
[120, 205]  32
[115, 368]  36
[120, 368]  57
[120, 362]  33
[120, 438]  31
[112, 217]  32
[112, 368]  34
[140, 145]  32
[132, 368]  35
[140, 217]  33
[120, 510]  30
[110, 829]  38
[112, 722]  31
[115, 829]  34
[112, 829]  33
[127, 368]  32
[140, 692]  33
[145, 529]  39
[140, 829]  33
[145, 686]  32
[140, 766]  40
[140, 419]  47
[145, 217]  48
[140, 368]  49
[145, 368]  52
[145, 419]  31
[132, 829]  46
[145, 334]  39
[177, 205]  31
[151, 829]  32
[145, 829]  34
[145, 914]  38
[140, 883]  32
[151, 510]  31
[140, 937]  38
[177, 489]  37
[177, 438]  34
[177, 217]  39
[204, 368]  44
[204, 362]  30
[205, 217]  37
[204, 217]  32
[198, 368]  40
[183, 766]  35
[177, 829]  34
[205, 829]  40
[217, 480]  46
[217, 489]  38
[205, 766]  31
[217, 419]  43
[217, 438]  40
[217, 354]  33
[217, 368]  69
[204, 766]  31
[217, 276]  31
[217, 283]  31
[205, 593]  31
[205, 509]  33
[205, 510]  35
[204, 541]  36
[196, 829]  30
[205, 450]  32
[204, 419]  33
[205, 368]  56
[236, 529]  36
[239, 368]  35
[239, 510]  30
[236, 692]  30
[217, 510]  32
[204, 914]  30
[207, 829]  32
[217, 522]  30
[217, 529]  44
[205, 900]  30
[217, 541]  32
[205, 919]  30
[217, 561]  38
[217, 706]  31
[217, 722]  35
[229, 368]  34
[217, 675]  31
[217, 692]  36
[217, 694]  31
[217, 682]  44
[217, 829]  35
[217, 862]  30
[217, 766]  48
[217, 775]  35
[217, 795]  32
[217, 956]  39
[217, 914]  37
[217, 895]  41
[217, 937]  36
[276, 368]  37
[279, 368]  34
[283, 294]  31
[279, 419]  32
[276, 480]  34
[283, 368]  40
[266, 368]  38
[294, 897]  30
[294, 766]  43
[294, 720]  36
[294, 682]  33
[294, 692]  34
[316, 438]  32
[294, 368]  47
[294, 362]  31
[294, 419]  32
[280, 829]  34
[283, 682]  30
[283, 676]  31
[276, 829]  38
[283, 529]  34
[283, 510]  30
[283, 914]  38
[294, 611]  31
[294, 489]  30
[283, 829]  35
[294, 510]  37
[294, 529]  54
[283, 766]  38
[351, 438]  32
[343, 489]  30
[316, 682]  32
[316, 529]  35
[316, 766]  31
[368, 775]  48
[368, 752]  46
[368, 766]  44
[368, 800]  35
[368, 814]  34
[368, 797]  35
[368, 795]  40
[362, 895]  30
[368, 706]  32
[362, 897]  30
[368, 692]  59
[368, 694]  42
[368, 722]  59
[368, 720]  46
[368, 895]  53
[368, 897]  43
[368, 890]  39
[368, 883]  50
[368, 886]  35
[368, 937]  49
[381, 529]  33
[368, 919]  45
[368, 913]  35
[368, 914]  67
[368, 918]  52
[368, 829]  76
[368, 862]  37
[368, 860]  40
[368, 854]  35
[373, 692]  30
[362, 682]  35
[368, 510]  55
[368, 509]  35
[362, 707]  30
[368, 529]  80
[362, 722]  32
[368, 538]  32
[368, 541]  48
[368, 438]  48
[368, 450]  42
[368, 460]  42
[368, 470]  44
[362, 663]  32
[368, 477]  35
[368, 480]  45
[368, 494]  45
[368, 487]  30
[368, 489]  61
[362, 676]  32
[368, 631]  30
[368, 639]  30
[362, 829]  31
[368, 663]  44
[368, 661]  35
[368, 682]  68
[368, 674]  34
[368, 676]  35
[368, 675]  51
[368, 573]  33
[368, 571]  30
[368, 561]  36
[368, 576]  33
[368, 597]  35
[368, 593]  30
[373, 438]  30
[368, 614]  31
[354, 694]  38
[362, 438]  31
[354, 682]  31
[362, 419]  34
[362, 368]  52
[362, 611]  37
[368, 419]  57
[368, 413]  32
[368, 408]  36
[368, 401]  38
[354, 829]  52
[368, 381]  38
[368, 373]  40
[354, 800]  30
[362, 529]  35
[354, 766]  34
[362, 510]  41
[354, 419]  32
[354, 438]  37
[339, 829]  34
[354, 368]  36
[354, 529]  42
[401, 692]  31
[413, 419]  32
[401, 489]  35
[381, 829]  35
[373, 829]  32
[368, 982]  38
[368, 992]  32
[368, 956]  41
[368, 947]  32
[368, 967]  38
[438, 766]  34
[438, 694]  34
[438, 722]  39
[438, 752]  30
[438, 692]  35
[438, 529]  47
[424, 956]  31
[438, 510]  39
[438, 494]  40
[438, 489]  48
[438, 470]  34
[427, 766]  38
[419, 914]  30
[419, 937]  37
[427, 682]  32
[419, 897]  44
[419, 886]  34
[419, 885]  32
[419, 883]  32
[419, 829]  40
[413, 956]  35
[427, 529]  32
[419, 766]  46
[419, 720]  37
[419, 722]  42
[419, 676]  36
[419, 675]  38
[419, 541]  33
[419, 529]  39
[419, 510]  42
[419, 489]  31
[408, 829]  39
[419, 470]  39
[419, 480]  39
[470, 752]  30
[470, 829]  32
[470, 675]  30
[477, 489]  30
[460, 829]  36
[470, 529]  36
[460, 692]  31
[460, 766]  34
[460, 529]  36
[450, 766]  37
[450, 829]  34
[438, 956]  37
[450, 692]  30
[438, 883]  34
[450, 489]  32
[438, 829]  41
[438, 919]  35
[438, 897]  30
[510, 829]  37
[510, 890]  33
[510, 766]  37
[510, 682]  31
[510, 676]  32
[510, 692]  31
[529, 538]  30
[522, 682]  32
[510, 914]  31
[510, 895]  43
[529, 809]  30
[529, 752]  48
[529, 766]  47
[529, 775]  30
[529, 722]  39
[529, 720]  31
[529, 692]  56
[529, 694]  39
[529, 706]  36
[529, 663]  37
[529, 686]  35
[529, 682]  51
[529, 676]  35
[529, 675]  33
[541, 692]  31
[538, 752]  30
[529, 947]  35
[529, 956]  32
[529, 937]  40
[529, 919]  30
[529, 914]  41
[529, 897]  31
[529, 895]  35
[529, 886]  32
[529, 883]  39
[529, 862]  34
[529, 854]  40
[529, 829]  66
[480, 722]  30
[477, 829]  30
[480, 766]  34
[489, 510]  33
[480, 571]  36
[470, 937]  38
[480, 956]  31
[489, 675]  42
[489, 706]  34
[489, 692]  40
[489, 682]  50
[489, 736]  30
[489, 722]  36
[489, 766]  43
[489, 541]  31
[480, 829]  49
[489, 529]  41
[480, 918]  31
[480, 897]  34
[489, 956]  47
[489, 998]  30
[489, 809]  34
[489, 829]  40
[510, 529]  31
[579, 766]  31
[597, 883]  32
[597, 829]  31
[538, 797]  33
[541, 766]  36
[541, 883]  31
[538, 956]  38
[541, 967]  34
[663, 897]  32
[663, 829]  45
[661, 829]  33
[663, 682]  32
[663, 692]  30
[720, 766]  37
[706, 829]  31
[706, 766]  38
[722, 829]  42
[722, 766]  38
[722, 914]  33
[722, 956]  37
[722, 883]  31
[675, 937]  30
[682, 722]  36
[682, 694]  30
[682, 692]  34
[674, 937]  31
[682, 766]  42
[682, 775]  31
[682, 854]  31
[682, 829]  47
[684, 766]  30
[682, 883]  37
[684, 829]  32
[675, 682]  44
[675, 766]  41
[676, 692]  30
[675, 829]  37
[676, 829]  32
[692, 883]  33
[692, 914]  40
[692, 937]  32
[682, 967]  32
[682, 937]  33
[692, 694]  31
[686, 914]  30
[692, 775]  32
[692, 766]  31
[694, 706]  31
[692, 829]  50
[800, 829]  40
[795, 829]  31
[775, 829]  34
[766, 897]  36
[766, 895]  42
[766, 893]  30
[769, 829]  30
[766, 914]  38
[766, 937]  34
[766, 982]  36
[775, 914]  34
[752, 829]  30
[766, 883]  38
[766, 829]  45
[766, 797]  34
[766, 775]  33
[862, 883]  30
[829, 992]  32
[829, 956]  42
[829, 982]  42
[829, 937]  31
[829, 947]  40
[829, 895]  41
[829, 897]  35
[829, 914]  51
[829, 913]  31
[829, 886]  43
[829, 883]  44
[797, 956]  32
[809, 956]  32
[913, 956]  32
[897, 937]  32
[895, 937]  49
[895, 914]  41
[890, 914]  40
[883, 982]  30
[886, 937]  34
[883, 938]  30
[883, 897]  31
[368, 529, 829]  32
