338  72
339  177
941  79
940  69
332  81
333  60
946  124
943  72
944  167
336  79
949  164
334  141
947  170
948  81
335  81
746  157
745  106
534  89
740  64
538  256
537  84
536  81
744  73
742  84
349  128
932  81
343  142
934  62
345  112
346  183
937  322
347  129
938  146
348  150
3  62
540  151
735  109
2  96
1  125
541  257
736  178
544  70
738  131
6  65
5  66
4  132
548  144
8  287
733  67
732  76
318  60
319  136
316  213
314  74
928  105
310  116
921  144
922  70
513  90
512  63
511  67
510  400
919  248
918  206
722  312
720  327
516  98
328  79
914  337
326  217
910  131
911  81
320  60
912  76
321  90
913  178
322  145
522  148
716  65
719  89
523  141
712  98
715  67
529  491
711  78
710  123
526  138
525  80
528  85
527  111
989  178
988  78
571  170
982  221
981  127
984  169
983  102
574  113
575  65
572  152
701  104
573  154
578  96
707  115
579  162
576  134
705  60
706  228
577  113
300  100
304  85
581  167
308  111
970  86
307  71
972  85
975  103
583  97
585  116
588  60
968  135
967  190
966  270
964  76
962  62
960  70
558  63
554  161
553  60
550  129
956  338
952  174
569  96
567  114
568  106
561  179
562  68
563  77
798  111
797  243
795  202
794  67
793  111
792  102
790  82
992  177
991  100
998  123
782  162
784  172
785  181
788  125
789  140
780  102
505  100
771  94
509  191
507  82
775  251
778  160
763  119
766  368
769  130
752  243
753  61
758  163
594  81
597  227
390  138
598  166
392  99
395  82
593  221
381  227
387  138
385  122
371  63
373  192
378  69
375  75
374  62
377  179
376  69
361  76
362  296
366  105
364  65
368  554
350  209
351  153
352  82
355  65
354  266
357  79
807  74
804  158
805  123
803  107
800  163
801  67
159  116
158  91
157  77
155  112
154  90
601  66
151  216
606  152
605  93
602  101
204  249
205  330
201  78
165  81
207  133
168  139
208  73
161  221
408  132
162  93
163  61
405  150
407  60
401  219
403  111
824  60
825  125
212  76
210  95
828  89
215  63
216  69
829  429
826  149
177  236
217  394
176  106
820  151
171  133
417  93
415  70
623  115
175  141
622  66
172  85
620  75
419  390
173  65
819  125
624  82
414  122
413  213
412  143
629  156
411  109
628  156
220  125
812  104
814  132
224  62
817  97
226  66
227  115
187  81
229  172
427  207
180  87
181  74
183  206
612  108
185  101
611  115
614  173
809  176
421  97
423  80
618  137
617  82
422  102
424  116
843  92
116  109
117  68
841  135
114  117
115  204
112  216
110  247
111  135
846  60
118  160
844  144
432  84
430  83
438  313
125  121
127  101
831  84
122  174
834  60
129  118
833  96
835  80
447  74
440  141
443  99
120  261
449  88
860  74
132  154
138  79
862  222
867  142
450  255
456  70
130  130
143  69
145  293
147  62
854  203
853  61
855  100
461  84
460  247
467  123
468  104
469  71
140  268
142  116
141  111
687  160
686  135
689  79
688  72
682  346
684  190
888  167
884  107
885  177
886  199
887  125
883  303
678  75
676  260
675  246
674  190
673  78
878  134
876  93
874  98
871  111
694  239
890  280
697  78
899  103
893  211
897  306
692  319
895  283
690  98
896  62
647  94
649  92
642  75
194  72
197  145
196  179
193  73
640  83
641  94
192  163
198  190
639  123
638  106
634  169
631  185
661  156
663  200
665  97
659  65
657  87
658  139
651  78
655  97
653  126
35  135
33  107
39  158
38  154
43  161
41  74
22  71
24  110
25  173
26  116
27  139
28  109
32  200
31  167
17  96
12  273
21  180
10  77
78  136
77  60
82  140
85  123
69  197
68  92
70  220
71  251
72  217
73  216
75  69
58  91
57  77
55  221
48  160
45  144
44  72
46  179
51  125
53  117
54  167
487  219
280  208
486  74
484  140
285  87
489  385
283  303
480  255
474  95
272  61
477  201
274  114
275  126
276  177
279  211
470  241
472  166
108  79
105  66
104  132
102  80
100  129
98  66
97  131
96  91
93  176
294  225
296  113
290  120
496  86
492  83
494  179
298  102
299  63
490  90
88  78
89  69
242  156
249  79
239  177
234  134
236  207
268  99
266  179
265  115
258  131
904  72
259  117
254  80
900  146
256  69
[8, 368]  81
[8, 529]  69
[12, 419]  82
[12, 368]  73
[12, 362]  73
[12, 529]  62
[8, 829]  60
[25, 510]  65
[12, 722]  61
[12, 829]  60
[39, 368]  62
[43, 368]  68
[55, 368]  60
[55, 510]  71
[70, 419]  70
[70, 368]  63
[71, 283]  65
[72, 529]  71
[71, 529]  62
[71, 489]  61
[71, 438]  61
[71, 752]  60
[115, 368]  68
[120, 217]  60
[110, 682]  65
[120, 368]  83
[110, 720]  62
[112, 368]  65
[120, 529]  67
[110, 829]  72
[110, 968]  62
[110, 890]  61
[145, 510]  61
[145, 529]  75
[140, 829]  65
[140, 419]  83
[145, 217]  85
[140, 368]  65
[145, 419]  60
[132, 829]  60
[161, 529]  88
[161, 368]  73
[151, 682]  60
[145, 914]  60
[140, 937]  66
[177, 529]  60
[177, 217]  67
[204, 368]  66
[205, 217]  70
[198, 368]  72
[192, 529]  62
[217, 450]  64
[217, 460]  60
[217, 480]  66
[217, 487]  62
[217, 489]  82
[217, 419]  87
[217, 368]  130
[217, 266]  61
[217, 283]  64
[205, 593]  70
[205, 509]  74
[205, 510]  77
[205, 529]  89
[205, 489]  64
[204, 419]  65
[205, 368]  96
[205, 419]  67
[205, 956]  61
[205, 966]  68
[217, 510]  88
[217, 529]  115
[217, 541]  62
[205, 914]  66
[217, 720]  71
[217, 692]  68
[217, 682]  68
[217, 829]  86
[217, 766]  80
[217, 956]  78
[217, 914]  78
[217, 890]  69
[217, 895]  60
[217, 937]  61
[266, 529]  66
[279, 368]  60
[279, 419]  70
[283, 368]  71
[280, 529]  61
[283, 489]  61
[266, 368]  67
[294, 766]  63
[294, 720]  64
[283, 720]  63
[294, 368]  67
[283, 682]  71
[280, 766]  61
[283, 529]  76
[283, 510]  88
[283, 829]  73
[294, 529]  97
[283, 766]  64
[347, 529]  60
[316, 529]  61
[316, 766]  60
[368, 775]  76
[368, 752]  81
[368, 766]  92
[368, 797]  64
[368, 795]  64
[362, 895]  74
[368, 706]  67
[368, 692]  118
[368, 694]  63
[368, 722]  99
[368, 720]  99
[368, 895]  77
[368, 897]  98
[368, 890]  91
[368, 883]  76
[368, 886]  61
[368, 937]  107
[381, 529]  63
[368, 919]  76
[368, 914]  118
[368, 918]  77
[368, 829]  127
[368, 862]  60
[362, 682]  60
[368, 510]  110
[368, 509]  72
[368, 529]  157
[362, 722]  62
[368, 538]  82
[368, 541]  90
[368, 438]  70
[368, 450]  80
[368, 460]  78
[368, 470]  84
[368, 480]  63
[368, 487]  67
[368, 489]  130
[368, 682]  120
[368, 676]  64
[368, 675]  81
[368, 571]  65
[368, 576]  64
[368, 597]  68
[354, 694]  64
[354, 682]  60
[362, 419]  60
[362, 368]  85
[368, 419]  109
[368, 413]  61
[354, 829]  68
[368, 381]  70
[368, 373]  66
[362, 529]  72
[350, 529]  68
[354, 529]  84
[354, 510]  60
[401, 829]  61
[401, 489]  71
[368, 982]  61
[368, 956]  98
[368, 966]  60
[438, 766]  72
[438, 722]  66
[438, 529]  86
[438, 510]  73
[438, 489]  89
[419, 914]  63
[419, 956]  72
[419, 937]  81
[419, 897]  92
[419, 886]  63
[419, 883]  61
[419, 829]  96
[413, 956]  66
[427, 529]  77
[419, 752]  63
[419, 766]  81
[419, 720]  78
[419, 722]  66
[419, 675]  60
[419, 597]  60
[419, 529]  90
[419, 510]  87
[419, 489]  64
[419, 470]  61
[419, 480]  69
[419, 438]  61
[460, 829]  61
[470, 529]  69
[460, 529]  69
[450, 766]  60
[460, 489]  61
[438, 956]  65
[450, 692]  61
[450, 489]  75
[438, 829]  62
[450, 529]  64
[510, 829]  85
[510, 890]  69
[510, 766]  82
[510, 720]  77
[510, 682]  73
[510, 676]  62
[510, 694]  62
[510, 692]  84
[529, 538]  66
[529, 541]  82
[510, 914]  71
[510, 897]  68
[510, 895]  63
[510, 956]  71
[510, 937]  80
[529, 785]  61
[529, 784]  64
[529, 752]  82
[529, 766]  90
[529, 722]  67
[529, 720]  79
[529, 692]  98
[529, 694]  68
[529, 706]  65
[529, 682]  91
[529, 676]  69
[529, 598]  64
[529, 982]  68
[529, 966]  63
[529, 947]  64
[538, 676]  62
[529, 956]  76
[529, 937]  73
[529, 919]  78
[529, 914]  84
[529, 897]  73
[529, 895]  62
[529, 890]  67
[529, 886]  62
[529, 883]  87
[529, 862]  83
[529, 854]  72
[529, 829]  105
[489, 510]  80
[470, 937]  64
[489, 692]  71
[489, 682]  91
[489, 736]  64
[489, 722]  82
[489, 720]  89
[489, 766]  77
[487, 829]  67
[489, 752]  63
[480, 829]  61
[489, 529]  95
[480, 897]  61
[489, 956]  82
[489, 914]  65
[489, 982]  62
[489, 883]  65
[489, 897]  63
[510, 529]  81
[597, 829]  78
[538, 829]  65
[538, 956]  96
[663, 829]  61
[720, 766]  86
[706, 766]  63
[722, 795]  61
[720, 897]  69
[720, 829]  72
[722, 956]  66
[720, 956]  63
[675, 937]  69
[682, 766]  64
[682, 829]  78
[682, 914]  67
[682, 883]  74
[675, 682]  71
[676, 829]  67
[692, 937]  62
[682, 937]  61
[692, 829]  81
[775, 829]  65
[766, 914]  62
[766, 937]  64
[766, 956]  70
[766, 883]  63
[766, 829]  84
[829, 966]  60
[829, 956]  65
[829, 937]  69
[829, 895]  67
[829, 897]  73
[829, 914]  78
[829, 890]  70
[797, 956]  71
[914, 937]  61
[914, 966]  62
[897, 937]  72
[895, 937]  73
[895, 914]  66
[890, 914]  60
[883, 982]  61
[886, 937]  60
[883, 893]  69
