338  225
339  399
941  257
940  168
332  165
946  334
943  209
944  452
949  396
336  182
947  424
334  367
948  202
335  202
530  163
746  440
745  247
534  189
749  159
538  632
537  221
536  174
744  189
742  267
349  364
932  184
933  174
343  321
345  286
937  837
346  481
938  354
347  309
348  320
540  367
735  297
3  189
2  288
1  341
541  636
736  474
544  182
738  311
6  176
5  164
4  285
548  343
8  745
733  194
732  203
318  170
319  346
316  518
314  169
928  268
310  300
921  356
922  193
513  283
511  192
510  1038
919  560
918  542
722  795
720  777
516  237
328  202
914  856
915  170
326  453
910  293
320  162
911  219
912  188
321  229
913  465
322  366
522  366
719  246
523  301
712  260
529  1184
711  218
710  277
526  327
525  189
528  195
527  256
989  431
988  169
571  461
982  573
981  297
984  396
983  329
574  300
575  185
701  336
572  382
573  414
707  281
578  284
579  403
576  365
705  196
706  568
577  265
300  263
304  233
581  377
308  259
307  169
970  219
972  230
975  315
583  279
585  277
588  189
968  286
967  435
966  644
964  203
962  151
960  162
558  179
554  423
553  171
550  321
956  842
952  395
569  280
567  295
568  210
561  468
562  159
563  167
798  318
797  573
795  547
794  162
793  307
792  279
790  221
992  388
991  291
998  362
782  378
784  379
785  440
788  272
789  318
780  270
505  242
504  166
771  257
509  469
507  235
775  666
778  369
779  153
763  339
766  889
769  349
752  667
758  436
594  217
597  616
390  347
598  424
392  229
395  237
593  511
381  575
387  304
385  294
373  482
375  165
374  158
377  521
376  168
361  157
362  752
366  265
364  208
368  1473
350  476
351  327
352  220
355  197
354  647
357  190
807  179
804  422
805  248
803  265
800  447
801  156
159  274
158  213
157  188
155  306
154  230
151  553
608  163
606  427
605  204
602  202
203  181
204  610
205  814
201  236
207  389
165  202
168  330
208  199
161  610
408  335
162  234
163  159
405  383
401  588
403  282
212  185
825  279
210  227
828  207
215  175
216  167
829  1163
826  418
217  917
177  638
176  250
820  410
171  285
417  242
623  268
622  179
175  354
172  205
173  150
419  1030
620  276
624  246
819  324
414  301
413  616
412  304
629  376
411  319
628  398
220  330
812  299
814  368
224  180
226  189
817  251
227  361
187  182
229  462
427  546
180  260
181  198
183  497
612  219
185  254
611  307
614  483
809  494
421  230
618  328
423  182
617  207
422  261
424  319
116  316
843  230
117  179
841  344
114  291
115  475
112  511
110  582
111  345
846  173
118  350
844  364
432  179
430  261
438  869
125  281
830  153
127  251
831  207
122  383
129  363
834  160
833  281
835  171
447  162
440  333
443  235
120  623
449  252
860  213
132  480
138  208
862  544
867  340
450  695
456  153
130  379
143  227
145  805
147  165
854  521
853  167
855  250
857  193
461  226
460  593
467  333
468  267
140  710
142  240
141  261
687  418
686  325
689  212
688  200
682  890
684  486
888  399
884  239
885  458
886  525
680  153
887  275
883  820
678  192
676  649
675  576
674  520
673  211
878  294
876  272
874  247
871  304
694  627
890  603
697  190
899  230
893  510
897  744
692  840
895  756
690  257
647  216
649  211
642  153
194  166
197  396
196  458
640  220
193  174
641  292
192  390
198  502
639  315
638  243
634  526
631  462
661  453
663  519
665  223
659  166
657  205
658  370
651  167
655  190
653  295
35  324
33  233
39  403
38  386
43  409
41  175
22  194
24  244
25  470
26  243
27  383
28  314
32  540
31  439
17  270
12  627
21  463
78  363
82  332
85  280
69  457
68  242
70  574
71  678
72  583
73  540
75  195
58  286
57  213
55  640
48  394
45  376
44  160
46  465
51  361
52  161
53  297
54  435
487  559
280  452
486  193
484  364
285  210
283  698
489  898
480  664
474  251
272  182
477  493
274  305
275  290
276  474
279  520
470  627
472  414
108  199
105  168
104  301
102  203
100  294
98  154
97  356
96  198
93  451
294  601
296  344
290  267
496  252
492  199
494  558
298  243
299  186
490  219
88  223
89  193
243  179
242  428
249  191
239  521
234  360
236  537
268  177
266  463
265  270
258  310
904  215
905  156
259  358
254  253
900  321
256  158
[8, 419]  163
[8, 368]  215
[8, 529]  175
[12, 419]  187
[12, 368]  213
[8, 510]  175
[8, 692]  167
[12, 529]  156
[8, 829]  157
[25, 510]  164
[8, 895]  150
[25, 368]  178
[32, 510]  164
[39, 368]  156
[46, 368]  152
[43, 368]  167
[55, 368]  181
[55, 362]  150
[55, 480]  155
[55, 529]  154
[55, 510]  216
[71, 368]  186
[70, 419]  200
[69, 368]  160
[55, 829]  150
[70, 368]  156
[72, 529]  188
[71, 529]  166
[71, 489]  150
[71, 438]  155
[71, 914]  161
[72, 829]  153
[71, 752]  183
[72, 682]  180
[93, 368]  152
[115, 368]  169
[120, 368]  241
[110, 368]  171
[112, 368]  159
[140, 217]  161
[120, 529]  165
[110, 829]  175
[145, 529]  205
[140, 829]  186
[140, 419]  208
[145, 217]  206
[140, 368]  198
[140, 381]  152
[145, 368]  190
[140, 529]  153
[145, 419]  174
[132, 829]  166
[140, 510]  151
[161, 682]  171
[161, 692]  153
[161, 529]  196
[161, 368]  201
[145, 829]  163
[145, 914]  171
[140, 937]  160
[177, 368]  186
[177, 438]  171
[204, 368]  188
[198, 368]  246
[177, 829]  170
[205, 829]  167
[217, 460]  151
[217, 489]  162
[217, 419]  203
[204, 829]  156
[198, 937]  162
[217, 368]  293
[205, 509]  190
[205, 510]  176
[205, 529]  194
[205, 489]  156
[204, 419]  152
[205, 368]  275
[205, 419]  157
[236, 529]  151
[239, 368]  155
[205, 966]  170
[217, 510]  187
[217, 529]  256
[205, 914]  163
[217, 722]  152
[229, 368]  164
[217, 692]  157
[217, 682]  192
[217, 829]  215
[217, 766]  151
[217, 956]  173
[217, 914]  176
[217, 895]  166
[217, 937]  172
[266, 529]  155
[276, 368]  158
[279, 368]  167
[279, 419]  181
[283, 368]  184
[266, 368]  209
[294, 766]  165
[294, 720]  160
[294, 368]  183
[283, 676]  151
[283, 529]  178
[283, 510]  183
[283, 914]  156
[283, 829]  180
[294, 529]  229
[316, 529]  162
[368, 775]  194
[368, 752]  206
[368, 766]  235
[368, 800]  155
[368, 797]  173
[368, 795]  208
[362, 895]  180
[368, 706]  172
[368, 692]  304
[368, 694]  170
[368, 722]  246
[368, 720]  242
[368, 895]  257
[368, 897]  231
[368, 893]  157
[368, 883]  215
[368, 886]  163
[368, 937]  295
[381, 529]  157
[368, 919]  165
[368, 913]  152
[368, 914]  278
[368, 918]  220
[368, 829]  365
[368, 862]  151
[362, 682]  158
[368, 510]  321
[368, 509]  166
[368, 529]  395
[368, 538]  172
[368, 541]  208
[368, 438]  253
[368, 450]  247
[368, 460]  199
[368, 470]  225
[368, 480]  175
[368, 494]  189
[368, 487]  174
[368, 489]  304
[362, 829]  168
[368, 663]  156
[368, 661]  164
[368, 682]  327
[368, 676]  177
[368, 675]  220
[368, 576]  162
[368, 597]  186
[368, 614]  152
[354, 694]  175
[362, 419]  159
[362, 368]  257
[368, 427]  158
[368, 419]  290
[368, 413]  229
[368, 401]  199
[354, 829]  171
[368, 381]  172
[368, 377]  152
[368, 373]  152
[362, 529]  184
[362, 510]  168
[354, 368]  174
[354, 529]  202
[354, 510]  158
[413, 529]  156
[381, 829]  161
[368, 982]  165
[368, 956]  207
[368, 966]  150
[438, 766]  157
[438, 722]  175
[438, 692]  151
[438, 529]  235
[438, 510]  221
[438, 494]  182
[438, 489]  210
[419, 956]  189
[419, 937]  230
[427, 682]  151
[419, 897]  219
[419, 895]  164
[419, 886]  157
[419, 885]  159
[419, 883]  186
[419, 829]  248
[413, 956]  172
[427, 529]  182
[413, 937]  154
[419, 766]  183
[413, 895]  157
[419, 720]  190
[419, 722]  177
[419, 676]  184
[419, 682]  174
[419, 692]  153
[419, 597]  169
[419, 529]  218
[419, 510]  248
[419, 489]  162
[419, 470]  152
[419, 480]  181
[419, 450]  171
[419, 438]  162
[470, 529]  197
[450, 883]  162
[460, 529]  158
[450, 766]  181
[438, 956]  184
[450, 489]  164
[438, 829]  212
[510, 829]  231
[510, 883]  166
[510, 766]  193
[510, 720]  168
[510, 682]  191
[510, 676]  160
[510, 694]  184
[510, 692]  217
[529, 538]  162
[529, 541]  165
[510, 914]  160
[510, 897]  189
[510, 895]  166
[510, 956]  157
[510, 937]  241
[529, 752]  202
[529, 766]  195
[529, 775]  163
[529, 722]  163
[529, 720]  206
[529, 692]  272
[529, 694]  174
[529, 706]  170
[529, 663]  157
[529, 682]  226
[529, 676]  170
[541, 692]  150
[529, 982]  150
[529, 966]  152
[529, 947]  163
[538, 676]  151
[529, 956]  177
[529, 937]  187
[529, 919]  175
[529, 914]  209
[529, 897]  157
[529, 883]  233
[529, 862]  181
[529, 854]  193
[529, 829]  282
[489, 510]  158
[470, 937]  171
[489, 692]  171
[489, 682]  227
[489, 736]  154
[489, 722]  187
[489, 720]  165
[489, 766]  176
[487, 829]  182
[480, 829]  182
[489, 529]  220
[480, 897]  158
[489, 966]  159
[489, 956]  193
[489, 829]  185
[489, 883]  165
[510, 541]  160
[510, 529]  229
[510, 581]  184
[597, 829]  186
[538, 797]  160
[538, 829]  165
[538, 956]  205
[663, 829]  153
[634, 829]  160
[720, 766]  203
[722, 795]  150
[720, 897]  169
[722, 829]  152
[720, 829]  171
[722, 956]  165
[682, 692]  155
[682, 829]  241
[682, 914]  178
[682, 883]  205
[675, 682]  162
[676, 829]  169
[692, 914]  180
[692, 937]  190
[682, 956]  152
[692, 829]  225
[800, 829]  159
[775, 829]  178
[766, 914]  171
[766, 937]  159
[766, 883]  170
[766, 829]  194
[829, 956]  213
[829, 937]  201
[829, 895]  206
[829, 897]  162
[829, 918]  150
[829, 914]  188
[829, 886]  174
[829, 883]  171
[797, 956]  164
[914, 956]  159
[914, 966]  158
[897, 937]  182
[895, 937]  234
[895, 914]  155
[883, 956]  161
