[7]	3076
[29]	3181
[34]	3040
[36]	3099
[40]	3170
[48]	3013
[52]	3185
[56]	3021
[58]	3195
[60]	3149
[62]	3060
[66]	3021
[7, 29]	3069
[7, 40]	3050
[7, 52]	3065
[7, 58]	3075
[7, 60]	3031
[29, 34]	3036
[29, 36]	3084
[29, 40]	3155
[29, 52]	3170
[29, 56]	3006
[29, 58]	3180
[29, 60]	3136
[29, 62]	3045
[29, 66]	3013
[34, 40]	3017
[34, 52]	3031
[34, 58]	3039
[36, 40]	3073
[36, 52]	3088
[36, 58]	3098
[36, 60]	3052
[40, 52]	3159
[40, 58]	3169
[40, 60]	3124
[40, 62]	3045
[48, 52]	3002
[48, 58]	3012
[52, 56]	3016
[52, 58]	3184
[52, 60]	3138
[52, 62]	3049
[52, 66]	3010
[56, 58]	3020
[58, 60]	3148
[58, 62]	3060
[58, 66]	3020
[60, 62]	3014
[60, 66]	3021
[7, 29, 40]	3043
[7, 29, 52]	3058
[7, 29, 58]	3068
[7, 29, 60]	3024
[7, 40, 52]	3039
[7, 40, 58]	3049
[7, 40, 60]	3006
[7, 52, 58]	3064
[7, 52, 60]	3020
[7, 58, 60]	3030
[29, 34, 40]	3013
[29, 34, 52]	3027
[29, 34, 58]	3035
[29, 36, 40]	3058
[29, 36, 52]	3073
[29, 36, 58]	3083
[29, 36, 60]	3039
[29, 40, 52]	3144
[29, 40, 58]	3154
[29, 40, 60]	3111
[29, 40, 62]	3030
[29, 52, 56]	3001
[29, 52, 58]	3169
[29, 52, 60]	3125
[29, 52, 62]	3034
[29, 52, 66]	3002
[29, 56, 58]	3005
[29, 58, 60]	3135
[29, 58, 62]	3045
[29, 58, 66]	3012
[29, 60, 62]	3001
[29, 60, 66]	3013
[34, 40, 52]	3008
[34, 40, 58]	3016
[34, 52, 58]	3030
[36, 40, 52]	3062
[36, 40, 58]	3072
[36, 40, 60]	3027
[36, 52, 58]	3087
[36, 52, 60]	3041
[36, 58, 60]	3051
[40, 52, 58]	3158
[40, 52, 60]	3113
[40, 52, 62]	3034
[40, 58, 60]	3123
[40, 58, 62]	3045
[48, 52, 58]	3001
[52, 56, 58]	3015
[52, 58, 60]	3137
[52, 58, 62]	3049
[52, 58, 66]	3009
[52, 60, 62]	3003
[52, 60, 66]	3010
[58, 60, 62]	3014
[58, 60, 66]	3020
[7, 29, 40, 52]	3032
[7, 29, 40, 58]	3042
[7, 29, 52, 58]	3057
[7, 29, 52, 60]	3013
[7, 29, 58, 60]	3023
[7, 40, 52, 58]	3038
[7, 40, 58, 60]	3005
[7, 52, 58, 60]	3019
[29, 34, 40, 52]	3004
[29, 34, 40, 58]	3012
[29, 34, 52, 58]	3026
[29, 36, 40, 52]	3047
[29, 36, 40, 58]	3057
[29, 36, 40, 60]	3014
[29, 36, 52, 58]	3072
[29, 36, 52, 60]	3028
[29, 36, 58, 60]	3038
[29, 40, 52, 58]	3143
[29, 40, 52, 60]	3100
[29, 40, 52, 62]	3019
[29, 40, 58, 60]	3110
[29, 40, 58, 62]	3030
[29, 52, 56, 58]	3000
[29, 52, 58, 60]	3124
[29, 52, 58, 62]	3034
[29, 52, 58, 66]	3001
[29, 52, 60, 66]	3002
[29, 58, 60, 62]	3001
[29, 58, 60, 66]	3012
[34, 40, 52, 58]	3007
[36, 40, 52, 58]	3061
[36, 40, 52, 60]	3016
[36, 40, 58, 60]	3026
[36, 52, 58, 60]	3040
[40, 52, 58, 60]	3112
[40, 52, 58, 62]	3034
[52, 58, 60, 62]	3003
[52, 58, 60, 66]	3009
[7, 29, 40, 52, 58]	3031
[7, 29, 52, 58, 60]	3012
[29, 34, 40, 52, 58]	3003
[29, 36, 40, 52, 58]	3046
[29, 36, 40, 52, 60]	3003
[29, 36, 40, 58, 60]	3013
[29, 36, 52, 58, 60]	3027
[29, 40, 52, 58, 60]	3099
[29, 40, 52, 58, 62]	3019
[29, 52, 58, 60, 66]	3001
[36, 40, 52, 58, 60]	3015
[29, 36, 40, 52, 58, 60]	3002
