[170]	48572
[180]	48258
[184]	48258
[188]	46954
[260]	45182
[265]	45182
[3404]	45106
[4404]	45106
[4426]	47772
[4428]	48193
[4430]	46590
[4432]	47759
[4434]	47866
[4436]	47050
[4438]	48944
[4940]	47640
[7062]	48628
[7092]	47526
[7102]	45256
[7112]	46522
[170, 180]	47917
[170, 184]	47917
[170, 188]	46536
[180, 184]	48258
[180, 188]	46247
[184, 188]	46247
[260, 265]	45182
[170, 4426]	47310
[170, 4428]	47722
[170, 4430]	46134
[170, 4432]	47289
[170, 4434]	47398
[170, 4436]	46590
[170, 4438]	48470
[170, 4940]	47193
[170, 7062]	48156
[170, 7092]	47072
[170, 7112]	46074
[180, 4426]	46998
[180, 4428]	47412
[180, 4430]	45812
[180, 4432]	46975
[180, 4434]	47082
[180, 4436]	46270
[180, 4438]	48156
[180, 4940]	46893
[180, 7062]	47843
[180, 7092]	46798
[180, 7112]	45766
[184, 4426]	46998
[184, 4428]	47412
[184, 4430]	45812
[184, 4432]	46975
[184, 4434]	47082
[184, 4436]	46270
[184, 4438]	48156
[184, 4940]	46893
[184, 7062]	47843
[184, 7092]	46798
[184, 7112]	45766
[188, 4426]	45738
[188, 4428]	46127
[188, 4432]	45682
[188, 4434]	45792
[188, 4438]	46853
[188, 4940]	45663
[188, 7062]	46544
[260, 4438]	45088
[265, 4438]	45088
[3404, 4404]	45106
[3404, 4438]	45010
[4404, 4438]	45010
[4426, 4428]	47325
[4426, 4430]	45551
[4426, 4432]	46536
[4426, 4434]	46602
[4426, 4436]	45778
[4426, 4438]	47670
[4426, 4940]	46408
[4426, 7062]	47359
[4426, 7092]	46278
[4426, 7112]	45379
[4428, 4430]	46146
[4428, 4432]	47020
[4428, 4434]	47045
[4428, 4436]	46203
[4428, 4438]	48091
[4428, 4940]	46818
[4428, 7062]	47783
[4428, 7092]	46698
[4428, 7112]	45769
[4430, 4432]	45733
[4430, 4434]	45615
[4430, 4438]	46494
[4430, 4940]	45261
[4430, 7062]	46216
[4432, 4434]	46888
[4432, 4436]	45898
[4432, 4438]	47666
[4432, 4940]	46395
[4432, 7062]	47371
[4432, 7092]	46251
[4432, 7112]	45368
[4434, 4436]	46160
[4434, 4438]	47781
[4434, 4940]	46486
[4434, 7062]	47471
[4434, 7092]	46373
[4434, 7112]	45482
[4436, 4438]	46975
[4436, 4940]	45659
[4436, 7062]	46670
[4436, 7092]	45583
[4438, 4940]	47539
[4438, 7062]	48529
[4438, 7092]	47426
[4438, 7102]	45212
[4438, 7112]	46432
[4940, 7062]	47228
[4940, 7092]	46236
[4940, 7112]	45296
[7062, 7092]	47119
[7062, 7112]	46122
[170, 180, 184]	47917
[170, 180, 188]	45947
[170, 184, 188]	45947
[180, 184, 188]	46247
[170, 180, 4426]	46663
[170, 180, 4428]	47073
[170, 180, 4430]	45483
[170, 180, 4432]	46636
[170, 180, 4434]	46745
[170, 180, 4436]	45940
[170, 180, 4438]	47815
[170, 180, 4940]	46571
[170, 180, 7062]	47502
[170, 180, 7092]	46468
[170, 180, 7112]	45443
[170, 184, 4426]	46663
[170, 184, 4428]	47073
[170, 184, 4430]	45483
[170, 184, 4432]	46636
[170, 184, 4434]	46745
[170, 184, 4436]	45940
[170, 184, 4438]	47815
[170, 184, 4940]	46571
[170, 184, 7062]	47502
[170, 184, 7092]	46468
[170, 184, 7112]	45443
[170, 188, 4428]	45712
[170, 188, 4438]	46435
[170, 188, 7062]	46128
[180, 184, 4426]	46998
[180, 184, 4428]	47412
[180, 184, 4430]	45812
[180, 184, 4432]	46975
[180, 184, 4434]	47082
[180, 184, 4436]	46270
[180, 184, 4438]	48156
[180, 184, 4940]	46893
[180, 184, 7062]	47843
[180, 184, 7092]	46798
[180, 184, 7112]	45766
[180, 188, 4438]	46146
[180, 188, 7062]	45840
[184, 188, 4438]	46146
[184, 188, 7062]	45840
[260, 265, 4438]	45088
[170, 4426, 4428]	46865
[170, 4426, 4430]	45105
[170, 4426, 4432]	46078
[170, 4426, 4434]	46146
[170, 4426, 4436]	45330
[170, 4426, 4438]	47208
[170, 4426, 4940]	45972
[170, 4426, 7062]	46899
[170, 4426, 7092]	45836
[170, 4428, 4430]	45692
[170, 4428, 4432]	46553
[170, 4428, 4434]	46580
[170, 4428, 4436]	45746
[170, 4428, 4438]	47620
[170, 4428, 4940]	46374
[170, 4428, 7062]	47314
[170, 4428, 7092]	46247
[170, 4428, 7112]	45324
[170, 4430, 4432]	45281
[170, 4430, 4434]	45163
[170, 4430, 4438]	46038
[170, 4430, 7062]	45762
[170, 4432, 4434]	46424
[170, 4432, 4436]	45442
[170, 4432, 4438]	47196
[170, 4432, 4940]	45952
[170, 4432, 7062]	46903
[170, 4432, 7092]	45801
[170, 4434, 4436]	45705
[170, 4434, 4438]	47313
[170, 4434, 4940]	46045
[170, 4434, 7062]	47005
[170, 4434, 7092]	45925
[170, 4436, 4438]	46515
[170, 4436, 4940]	45226
[170, 4436, 7062]	46212
[170, 4438, 4940]	47092
[170, 4438, 7062]	48057
[170, 4438, 7092]	46972
[170, 4438, 7112]	45984
[170, 4940, 7062]	46783
[170, 4940, 7092]	45807
[170, 7062, 7092]	46667
[170, 7062, 7112]	45676
[180, 4426, 4428]	46556
[180, 4426, 4432]	45766
[180, 4426, 4434]	45832
[180, 4426, 4438]	46896
[180, 4426, 4940]	45673
[180, 4426, 7062]	46588
[180, 4426, 7092]	45563
[180, 4428, 4430]	45372
[180, 4428, 4432]	46243
[180, 4428, 4434]	46268
[180, 4428, 4436]	45430
[180, 4428, 4438]	47310
[180, 4428, 4940]	46076
[180, 4428, 7062]	47005
[180, 4428, 7092]	45976
[180, 4430, 4438]	45716
[180, 4430, 7062]	45441
[180, 4432, 4434]	46108
[180, 4432, 4436]	45122
[180, 4432, 4438]	46882
[180, 4432, 4940]	45652
[180, 4432, 7062]	46590
[180, 4432, 7092]	45527
[180, 4434, 4436]	45382
[180, 4434, 4438]	46997
[180, 4434, 4940]	45743
[180, 4434, 7062]	46690
[180, 4434, 7092]	45649
[180, 4436, 4438]	46195
[180, 4436, 7062]	45893
[180, 4438, 4940]	46792
[180, 4438, 7062]	47744
[180, 4438, 7092]	46698
[180, 4438, 7112]	45676
[180, 4940, 7062]	46484
[180, 4940, 7092]	45537
[180, 7062, 7092]	46394
[180, 7062, 7112]	45369
[184, 4426, 4428]	46556
[184, 4426, 4432]	45766
[184, 4426, 4434]	45832
[184, 4426, 4438]	46896
[184, 4426, 4940]	45673
[184, 4426, 7062]	46588
[184, 4426, 7092]	45563
[184, 4428, 4430]	45372
[184, 4428, 4432]	46243
[184, 4428, 4434]	46268
[184, 4428, 4436]	45430
[184, 4428, 4438]	47310
[184, 4428, 4940]	46076
[184, 4428, 7062]	47005
[184, 4428, 7092]	45976
[184, 4430, 4438]	45716
[184, 4430, 7062]	45441
[184, 4432, 4434]	46108
[184, 4432, 4436]	45122
[184, 4432, 4438]	46882
[184, 4432, 4940]	45652
[184, 4432, 7062]	46590
[184, 4432, 7092]	45527
[184, 4434, 4436]	45382
[184, 4434, 4438]	46997
[184, 4434, 4940]	45743
[184, 4434, 7062]	46690
[184, 4434, 7092]	45649
[184, 4436, 4438]	46195
[184, 4436, 7062]	45893
[184, 4438, 4940]	46792
[184, 4438, 7062]	47744
[184, 4438, 7092]	46698
[184, 4438, 7112]	45676
[184, 4940, 7062]	46484
[184, 4940, 7092]	45537
[184, 7062, 7092]	46394
[184, 7062, 7112]	45369
[188, 4426, 4438]	45637
[188, 4428, 4438]	46026
[188, 4428, 7062]	45725
[188, 4432, 4438]	45590
[188, 4434, 4438]	45708
[188, 4438, 7062]	46446
[3404, 4404, 4438]	45010
[4426, 4428, 4430]	45293
[4426, 4428, 4432]	46156
[4426, 4428, 4434]	46179
[4426, 4428, 4436]	45335
[4426, 4428, 4438]	47223
[4426, 4428, 4940]	45983
[4426, 4428, 7062]	46917
[4426, 4428, 7092]	45845
[4426, 4430, 4438]	45455
[4426, 4432, 4434]	45667
[4426, 4432, 4438]	46443
[4426, 4432, 7062]	46151
[4426, 4434, 4438]	46517
[4426, 4434, 7062]	46211
[4426, 4436, 4438]	45703
[4426, 4436, 7062]	45403
[4426, 4438, 4940]	46307
[4426, 4438, 7062]	47260
[4426, 4438, 7092]	46178
[4426, 4438, 7112]	45289
[4426, 4940, 7062]	46001
[4426, 7062, 7092]	45876
[4428, 4430, 4432]	45292
[4428, 4430, 4434]	45173
[4428, 4430, 4438]	46050
[4428, 4430, 7062]	45774
[4428, 4432, 4434]	46151
[4428, 4432, 4436]	45160
[4428, 4432, 4438]	46927
[4428, 4432, 4940]	45683
[4428, 4432, 7062]	46636
[4428, 4432, 7092]	45537
[4428, 4434, 4436]	45340
[4428, 4434, 4438]	46960
[4428, 4434, 4940]	45694
[4428, 4434, 7062]	46657
[4428, 4434, 7092]	45577
[4428, 4436, 4438]	46128
[4428, 4436, 7062]	45831
[4428, 4438, 4940]	46717
[4428, 4438, 7062]	47684
[4428, 4438, 7092]	46598
[4428, 4438, 7112]	45679
[4428, 4940, 7062]	46414
[4428, 4940, 7092]	45434
[4428, 7062, 7092]	46299
[4428, 7062, 7112]	45376
[4430, 4432, 4438]	45641
[4430, 4432, 7062]	45377
[4430, 4434, 4438]	45531
[4430, 4434, 7062]	45260
[4430, 4438, 4940]	45166
[4430, 4438, 7062]	46123
[4432, 4434, 4436]	45184
[4432, 4434, 4438]	46804
[4432, 4434, 4940]	45540
[4432, 4434, 7062]	46517
[4432, 4434, 7092]	45401
[4432, 4436, 4438]	45826
[4432, 4436, 7062]	45545
[4432, 4438, 4940]	46303
[4432, 4438, 7062]	47280
[4432, 4438, 7092]	46160
[4432, 4438, 7112]	45285
[4432, 4940, 7062]	46013
[4432, 7062, 7092]	45874
[4434, 4436, 4438]	46090
[4434, 4436, 7062]	45798
[4434, 4438, 4940]	46402
[4434, 4438, 7062]	47388
[4434, 4438, 7092]	46289
[4434, 4438, 7112]	45406
[4434, 4940, 7062]	46097
[4434, 7062, 7092]	45989
[4436, 4438, 4940]	45584
[4436, 4438, 7062]	46596
[4436, 4438, 7092]	45510
[4438, 4940, 7062]	47129
[4438, 4940, 7092]	46137
[4438, 4940, 7112]	45207
[4438, 7062, 7092]	47022
[4438, 7062, 7112]	46035
[4940, 7062, 7092]	45834
[170, 180, 184, 188]	45947
[170, 180, 184, 4426]	46663
[170, 180, 184, 4428]	47073
[170, 180, 184, 4430]	45483
[170, 180, 184, 4432]	46636
[170, 180, 184, 4434]	46745
[170, 180, 184, 4436]	45940
[170, 180, 184, 4438]	47815
[170, 180, 184, 4940]	46571
[170, 180, 184, 7062]	47502
[170, 180, 184, 7092]	46468
[170, 180, 184, 7112]	45443
[170, 180, 188, 4438]	45846
[170, 184, 188, 4438]	45846
[180, 184, 188, 4438]	46146
[180, 184, 188, 7062]	45840
[170, 180, 4426, 4428]	46223
[170, 180, 4426, 4432]	45433
[170, 180, 4426, 4434]	45501
[170, 180, 4426, 4438]	46561
[170, 180, 4426, 4940]	45356
[170, 180, 4426, 7062]	46253
[170, 180, 4428, 4430]	45045
[170, 180, 4428, 4432]	45906
[170, 180, 4428, 4434]	45933
[170, 180, 4428, 4438]	46971
[170, 180, 4428, 4940]	45756
[170, 180, 4428, 7062]	46666
[170, 180, 4428, 7092]	45648
[170, 180, 4430, 4438]	45387
[170, 180, 4432, 4434]	45773
[170, 180, 4432, 4438]	46543
[170, 180, 4432, 4940]	45332
[170, 180, 4432, 7062]	46251
[170, 180, 4432, 7092]	45199
[170, 180, 4434, 4438]	46660
[170, 180, 4434, 4940]	45425
[170, 180, 4434, 7062]	46353
[170, 180, 4434, 7092]	45323
[170, 180, 4436, 4438]	45865
[170, 180, 4436, 7062]	45563
[170, 180, 4438, 4940]	46470
[170, 180, 4438, 7062]	47403
[170, 180, 4438, 7092]	46368
[170, 180, 4438, 7112]	45353
[170, 180, 4940, 7062]	46162
[170, 180, 4940, 7092]	45226
[170, 180, 7062, 7092]	46064
[170, 184, 4426, 4428]	46223
[170, 184, 4426, 4432]	45433
[170, 184, 4426, 4434]	45501
[170, 184, 4426, 4438]	46561
[170, 184, 4426, 4940]	45356
[170, 184, 4426, 7062]	46253
[170, 184, 4428, 4430]	45045
[170, 184, 4428, 4432]	45906
[170, 184, 4428, 4434]	45933
[170, 184, 4428, 4438]	46971
[170, 184, 4428, 4940]	45756
[170, 184, 4428, 7062]	46666
[170, 184, 4428, 7092]	45648
[170, 184, 4430, 4438]	45387
[170, 184, 4432, 4434]	45773
[170, 184, 4432, 4438]	46543
[170, 184, 4432, 4940]	45332
[170, 184, 4432, 7062]	46251
[170, 184, 4432, 7092]	45199
[170, 184, 4434, 4438]	46660
[170, 184, 4434, 4940]	45425
[170, 184, 4434, 7062]	46353
[170, 184, 4434, 7092]	45323
[170, 184, 4436, 4438]	45865
[170, 184, 4436, 7062]	45563
[170, 184, 4438, 4940]	46470
[170, 184, 4438, 7062]	47403
[170, 184, 4438, 7092]	46368
[170, 184, 4438, 7112]	45353
[170, 184, 4940, 7062]	46162
[170, 184, 4940, 7092]	45226
[170, 184, 7062, 7092]	46064
[170, 188, 4428, 4438]	45611
[170, 188, 4438, 7062]	46030
[180, 184, 4426, 4428]	46556
[180, 184, 4426, 4432]	45766
[180, 184, 4426, 4434]	45832
[180, 184, 4426, 4438]	46896
[180, 184, 4426, 4940]	45673
[180, 184, 4426, 7062]	46588
[180, 184, 4426, 7092]	45563
[180, 184, 4428, 4430]	45372
[180, 184, 4428, 4432]	46243
[180, 184, 4428, 4434]	46268
[180, 184, 4428, 4436]	45430
[180, 184, 4428, 4438]	47310
[180, 184, 4428, 4940]	46076
[180, 184, 4428, 7062]	47005
[180, 184, 4428, 7092]	45976
[180, 184, 4430, 4438]	45716
[180, 184, 4430, 7062]	45441
[180, 184, 4432, 4434]	46108
[180, 184, 4432, 4436]	45122
[180, 184, 4432, 4438]	46882
[180, 184, 4432, 4940]	45652
[180, 184, 4432, 7062]	46590
[180, 184, 4432, 7092]	45527
[180, 184, 4434, 4436]	45382
[180, 184, 4434, 4438]	46997
[180, 184, 4434, 4940]	45743
[180, 184, 4434, 7062]	46690
[180, 184, 4434, 7092]	45649
[180, 184, 4436, 4438]	46195
[180, 184, 4436, 7062]	45893
[180, 184, 4438, 4940]	46792
[180, 184, 4438, 7062]	47744
[180, 184, 4438, 7092]	46698
[180, 184, 4438, 7112]	45676
[180, 184, 4940, 7062]	46484
[180, 184, 4940, 7092]	45537
[180, 184, 7062, 7092]	46394
[180, 184, 7062, 7112]	45369
[180, 188, 4438, 7062]	45742
[184, 188, 4438, 7062]	45742
[170, 4426, 4428, 4432]	45700
[170, 4426, 4428, 4434]	45725
[170, 4426, 4428, 4438]	46763
[170, 4426, 4428, 4940]	45549
[170, 4426, 4428, 7062]	46459
[170, 4426, 4428, 7092]	45405
[170, 4426, 4432, 4434]	45215
[170, 4426, 4432, 4438]	45985
[170, 4426, 4432, 7062]	45695
[170, 4426, 4434, 4438]	46061
[170, 4426, 4434, 7062]	45757
[170, 4426, 4436, 4438]	45255
[170, 4426, 4438, 4940]	45871
[170, 4426, 4438, 7062]	46800
[170, 4426, 4438, 7092]	45736
[170, 4426, 4940, 7062]	45567
[170, 4426, 7062, 7092]	45436
[170, 4428, 4430, 4438]	45596
[170, 4428, 4430, 7062]	45322
[170, 4428, 4432, 4434]	45690
[170, 4428, 4432, 4438]	46460
[170, 4428, 4432, 4940]	45243
[170, 4428, 4432, 7062]	46171
[170, 4428, 4434, 4438]	46495
[170, 4428, 4434, 4940]	45256
[170, 4428, 4434, 7062]	46194
[170, 4428, 4436, 4438]	45671
[170, 4428, 4436, 7062]	45376
[170, 4428, 4438, 4940]	46273
[170, 4428, 4438, 7062]	47215
[170, 4428, 4438, 7092]	46147
[170, 4428, 4438, 7112]	45234
[170, 4428, 4940, 7062]	45972
[170, 4428, 7062, 7092]	45850
[170, 4430, 4432, 4438]	45189
[170, 4430, 4434, 4438]	45079
[170, 4430, 4438, 7062]	45669
[170, 4432, 4434, 4438]	46340
[170, 4432, 4434, 7062]	46055
[170, 4432, 4436, 4438]	45370
[170, 4432, 4438, 4940]	45860
[170, 4432, 4438, 7062]	46812
[170, 4432, 4438, 7092]	45710
[170, 4432, 4940, 7062]	45572
[170, 4432, 7062, 7092]	45426
[170, 4434, 4436, 4438]	45635
[170, 4434, 4436, 7062]	45345
[170, 4434, 4438, 4940]	45961
[170, 4434, 4438, 7062]	46922
[170, 4434, 4438, 7092]	45841
[170, 4434, 4940, 7062]	45658
[170, 4434, 7062, 7092]	45543
[170, 4436, 4438, 4940]	45151
[170, 4436, 4438, 7062]	46138
[170, 4438, 4940, 7062]	46684
[170, 4438, 4940, 7092]	45708
[170, 4438, 7062, 7092]	46570
[170, 4438, 7062, 7112]	45589
[170, 4940, 7062, 7092]	45407
[180, 4426, 4428, 4432]	45391
[180, 4426, 4428, 4434]	45414
[180, 4426, 4428, 4438]	46454
[180, 4426, 4428, 7062]	46151
[180, 4426, 4432, 4438]	45673
[180, 4426, 4432, 7062]	45384
[180, 4426, 4434, 4438]	45747
[180, 4426, 4434, 7062]	45444
[180, 4426, 4438, 4940]	45572
[180, 4426, 4438, 7062]	46489
[180, 4426, 4438, 7092]	45463
[180, 4428, 4430, 4438]	45276
[180, 4428, 4432, 4434]	45378
[180, 4428, 4432, 4438]	46150
[180, 4428, 4432, 7062]	45862
[180, 4428, 4434, 4438]	46183
[180, 4428, 4434, 7062]	45883
[180, 4428, 4436, 4438]	45355
[180, 4428, 4438, 4940]	45975
[180, 4428, 4438, 7062]	46906
[180, 4428, 4438, 7092]	45876
[180, 4428, 4940, 7062]	45675
[180, 4428, 7062, 7092]	45580
[180, 4430, 4438, 7062]	45348
[180, 4432, 4434, 4438]	46024
[180, 4432, 4434, 7062]	45740
[180, 4432, 4438, 4940]	45560
[180, 4432, 4438, 7062]	46499
[180, 4432, 4438, 7092]	45436
[180, 4432, 4940, 7062]	45273
[180, 4434, 4436, 4438]	45312
[180, 4434, 4438, 4940]	45659
[180, 4434, 4438, 7062]	46607
[180, 4434, 4438, 7092]	45565
[180, 4434, 4940, 7062]	45357
[180, 4436, 4438, 7062]	45819
[180, 4438, 4940, 7062]	46385
[180, 4438, 4940, 7092]	45438
[180, 4438, 7062, 7092]	46297
[180, 4438, 7062, 7112]	45282
[184, 4426, 4428, 4432]	45391
[184, 4426, 4428, 4434]	45414
[184, 4426, 4428, 4438]	46454
[184, 4426, 4428, 7062]	46151
[184, 4426, 4432, 4438]	45673
[184, 4426, 4432, 7062]	45384
[184, 4426, 4434, 4438]	45747
[184, 4426, 4434, 7062]	45444
[184, 4426, 4438, 4940]	45572
[184, 4426, 4438, 7062]	46489
[184, 4426, 4438, 7092]	45463
[184, 4428, 4430, 4438]	45276
[184, 4428, 4432, 4434]	45378
[184, 4428, 4432, 4438]	46150
[184, 4428, 4432, 7062]	45862
[184, 4428, 4434, 4438]	46183
[184, 4428, 4434, 7062]	45883
[184, 4428, 4436, 4438]	45355
[184, 4428, 4438, 4940]	45975
[184, 4428, 4438, 7062]	46906
[184, 4428, 4438, 7092]	45876
[184, 4428, 4940, 7062]	45675
[184, 4428, 7062, 7092]	45580
[184, 4430, 4438, 7062]	45348
[184, 4432, 4434, 4438]	46024
[184, 4432, 4434, 7062]	45740
[184, 4432, 4438, 4940]	45560
[184, 4432, 4438, 7062]	46499
[184, 4432, 4438, 7092]	45436
[184, 4432, 4940, 7062]	45273
[184, 4434, 4436, 4438]	45312
[184, 4434, 4438, 4940]	45659
[184, 4434, 4438, 7062]	46607
[184, 4434, 4438, 7092]	45565
[184, 4434, 4940, 7062]	45357
[184, 4436, 4438, 7062]	45819
[184, 4438, 4940, 7062]	46385
[184, 4438, 4940, 7092]	45438
[184, 4438, 7062, 7092]	46297
[184, 4438, 7062, 7112]	45282
[4426, 4428, 4430, 4438]	45197
[4426, 4428, 4432, 4434]	45288
[4426, 4428, 4432, 4438]	46063
[4426, 4428, 4432, 7062]	45774
[4426, 4428, 4434, 4438]	46094
[4426, 4428, 4434, 7062]	45793
[4426, 4428, 4436, 4438]	45260
[4426, 4428, 4438, 4940]	45882
[4426, 4428, 4438, 7062]	46818
[4426, 4428, 4438, 7092]	45745
[4426, 4428, 4940, 7062]	45581
[4426, 4428, 7062, 7092]	45448
[4426, 4432, 4434, 4438]	45583
[4426, 4432, 4438, 7062]	46060
[4426, 4434, 4438, 7062]	46128
[4426, 4438, 4940, 7062]	45902
[4426, 4438, 7062, 7092]	45779
[4428, 4430, 4432, 4438]	45200
[4428, 4430, 4434, 4438]	45089
[4428, 4430, 4438, 7062]	45681
[4428, 4432, 4434, 4438]	46067
[4428, 4432, 4434, 7062]	45784
[4428, 4432, 4438, 4940]	45591
[4428, 4432, 4438, 7062]	46545
[4428, 4432, 4438, 7092]	45446
[4428, 4432, 4940, 7062]	45305
[4428, 4434, 4436, 4438]	45270
[4428, 4434, 4438, 4940]	45610
[4428, 4434, 4438, 7062]	46574
[4428, 4434, 4438, 7092]	45493
[4428, 4436, 4438, 7062]	45757
[4428, 4438, 4940, 7062]	46315
[4428, 4438, 4940, 7092]	45335
[4428, 4438, 7062, 7092]	46202
[4428, 4438, 7062, 7112]	45289
[4430, 4432, 4438, 7062]	45287
[4430, 4434, 4438, 7062]	45178
[4432, 4434, 4436, 4438]	45115
[4432, 4434, 4438, 4940]	45457
[4432, 4434, 4438, 7062]	46435
[4432, 4434, 4438, 7092]	45318
[4432, 4436, 4438, 7062]	45474
[4432, 4438, 4940, 7062]	45922
[4432, 4438, 7062, 7092]	45785
[4434, 4436, 4438, 7062]	45729
[4434, 4438, 4940, 7062]	46014
[4434, 4438, 7062, 7092]	45907
[4438, 4940, 7062, 7092]	45737
[170, 180, 184, 188, 4438]	45846
[170, 180, 184, 4426, 4428]	46223
[170, 180, 184, 4426, 4432]	45433
[170, 180, 184, 4426, 4434]	45501
[170, 180, 184, 4426, 4438]	46561
[170, 180, 184, 4426, 4940]	45356
[170, 180, 184, 4426, 7062]	46253
[170, 180, 184, 4428, 4430]	45045
[170, 180, 184, 4428, 4432]	45906
[170, 180, 184, 4428, 4434]	45933
[170, 180, 184, 4428, 4438]	46971
[170, 180, 184, 4428, 4940]	45756
[170, 180, 184, 4428, 7062]	46666
[170, 180, 184, 4428, 7092]	45648
[170, 180, 184, 4430, 4438]	45387
[170, 180, 184, 4432, 4434]	45773
[170, 180, 184, 4432, 4438]	46543
[170, 180, 184, 4432, 4940]	45332
[170, 180, 184, 4432, 7062]	46251
[170, 180, 184, 4432, 7092]	45199
[170, 180, 184, 4434, 4438]	46660
[170, 180, 184, 4434, 4940]	45425
[170, 180, 184, 4434, 7062]	46353
[170, 180, 184, 4434, 7092]	45323
[170, 180, 184, 4436, 4438]	45865
[170, 180, 184, 4436, 7062]	45563
[170, 180, 184, 4438, 4940]	46470
[170, 180, 184, 4438, 7062]	47403
[170, 180, 184, 4438, 7092]	46368
[170, 180, 184, 4438, 7112]	45353
[170, 180, 184, 4940, 7062]	46162
[170, 180, 184, 4940, 7092]	45226
[170, 180, 184, 7062, 7092]	46064
[180, 184, 188, 4438, 7062]	45742
[170, 180, 4426, 4428, 4438]	46121
[170, 180, 4426, 4428, 7062]	45818
[170, 180, 4426, 4432, 4438]	45340
[170, 180, 4426, 4434, 4438]	45416
[170, 180, 4426, 4438, 4940]	45255
[170, 180, 4426, 4438, 7062]	46154
[170, 180, 4428, 4432, 4438]	45813
[170, 180, 4428, 4432, 7062]	45525
[170, 180, 4428, 4434, 4438]	45848
[170, 180, 4428, 4434, 7062]	45548
[170, 180, 4428, 4438, 4940]	45655
[170, 180, 4428, 4438, 7062]	46567
[170, 180, 4428, 4438, 7092]	45548
[170, 180, 4428, 4940, 7062]	45355
[170, 180, 4432, 4434, 4438]	45689
[170, 180, 4432, 4434, 7062]	45405
[170, 180, 4432, 4438, 4940]	45240
[170, 180, 4432, 4438, 7062]	46160
[170, 180, 4434, 4438, 4940]	45341
[170, 180, 4434, 4438, 7062]	46270
[170, 180, 4434, 4438, 7092]	45239
[170, 180, 4436, 4438, 7062]	45489
[170, 180, 4438, 4940, 7062]	46063
[170, 180, 4438, 7062, 7092]	45967
[170, 184, 4426, 4428, 4438]	46121
[170, 184, 4426, 4428, 7062]	45818
[170, 184, 4426, 4432, 4438]	45340
[170, 184, 4426, 4434, 4438]	45416
[170, 184, 4426, 4438, 4940]	45255
[170, 184, 4426, 4438, 7062]	46154
[170, 184, 4428, 4432, 4438]	45813
[170, 184, 4428, 4432, 7062]	45525
[170, 184, 4428, 4434, 4438]	45848
[170, 184, 4428, 4434, 7062]	45548
[170, 184, 4428, 4438, 4940]	45655
[170, 184, 4428, 4438, 7062]	46567
[170, 184, 4428, 4438, 7092]	45548
[170, 184, 4428, 4940, 7062]	45355
[170, 184, 4432, 4434, 4438]	45689
[170, 184, 4432, 4434, 7062]	45405
[170, 184, 4432, 4438, 4940]	45240
[170, 184, 4432, 4438, 7062]	46160
[170, 184, 4434, 4438, 4940]	45341
[170, 184, 4434, 4438, 7062]	46270
[170, 184, 4434, 4438, 7092]	45239
[170, 184, 4436, 4438, 7062]	45489
[170, 184, 4438, 4940, 7062]	46063
[170, 184, 4438, 7062, 7092]	45967
[180, 184, 4426, 4428, 4432]	45391
[180, 184, 4426, 4428, 4434]	45414
[180, 184, 4426, 4428, 4438]	46454
[180, 184, 4426, 4428, 7062]	46151
[180, 184, 4426, 4432, 4438]	45673
[180, 184, 4426, 4432, 7062]	45384
[180, 184, 4426, 4434, 4438]	45747
[180, 184, 4426, 4434, 7062]	45444
[180, 184, 4426, 4438, 4940]	45572
[180, 184, 4426, 4438, 7062]	46489
[180, 184, 4426, 4438, 7092]	45463
[180, 184, 4428, 4430, 4438]	45276
[180, 184, 4428, 4432, 4434]	45378
[180, 184, 4428, 4432, 4438]	46150
[180, 184, 4428, 4432, 7062]	45862
[180, 184, 4428, 4434, 4438]	46183
[180, 184, 4428, 4434, 7062]	45883
[180, 184, 4428, 4436, 4438]	45355
[180, 184, 4428, 4438, 4940]	45975
[180, 184, 4428, 4438, 7062]	46906
[180, 184, 4428, 4438, 7092]	45876
[180, 184, 4428, 4940, 7062]	45675
[180, 184, 4428, 7062, 7092]	45580
[180, 184, 4430, 4438, 7062]	45348
[180, 184, 4432, 4434, 4438]	46024
[180, 184, 4432, 4434, 7062]	45740
[180, 184, 4432, 4438, 4940]	45560
[180, 184, 4432, 4438, 7062]	46499
[180, 184, 4432, 4438, 7092]	45436
[180, 184, 4432, 4940, 7062]	45273
[180, 184, 4434, 4436, 4438]	45312
[180, 184, 4434, 4438, 4940]	45659
[180, 184, 4434, 4438, 7062]	46607
[180, 184, 4434, 4438, 7092]	45565
[180, 184, 4434, 4940, 7062]	45357
[180, 184, 4436, 4438, 7062]	45819
[180, 184, 4438, 4940, 7062]	46385
[180, 184, 4438, 4940, 7092]	45438
[180, 184, 4438, 7062, 7092]	46297
[180, 184, 4438, 7062, 7112]	45282
[170, 4426, 4428, 4432, 4438]	45607
[170, 4426, 4428, 4432, 7062]	45320
[170, 4426, 4428, 4434, 4438]	45640
[170, 4426, 4428, 4434, 7062]	45341
[170, 4426, 4428, 4438, 4940]	45448
[170, 4426, 4428, 4438, 7062]	46360
[170, 4426, 4428, 4438, 7092]	45305
[170, 4426, 4432, 4438, 7062]	45604
[170, 4426, 4434, 4438, 7062]	45674
[170, 4426, 4438, 4940, 7062]	45468
[170, 4428, 4430, 4438, 7062]	45229
[170, 4428, 4432, 4434, 4438]	45606
[170, 4428, 4432, 4434, 7062]	45325
[170, 4428, 4432, 4438, 4940]	45151
[170, 4428, 4432, 4438, 7062]	46080
[170, 4428, 4434, 4438, 4940]	45172
[170, 4428, 4434, 4438, 7062]	46111
[170, 4428, 4436, 4438, 7062]	45302
[170, 4428, 4438, 4940, 7062]	45873
[170, 4428, 4438, 7062, 7092]	45753
[170, 4432, 4434, 4438, 7062]	45973
[170, 4432, 4438, 4940, 7062]	45481
[170, 4432, 4438, 7062, 7092]	45337
[170, 4434, 4436, 4438, 7062]	45276
[170, 4434, 4438, 4940, 7062]	45575
[170, 4434, 4438, 7062, 7092]	45461
[180, 4426, 4428, 4432, 4438]	45298
[180, 4426, 4428, 4434, 4438]	45329
[180, 4426, 4428, 4438, 7062]	46052
[180, 4426, 4434, 4438, 7062]	45361
[180, 4428, 4432, 4434, 4438]	45294
[180, 4428, 4432, 4438, 7062]	45771
[180, 4428, 4434, 4438, 7062]	45800
[180, 4428, 4438, 4940, 7062]	45576
[180, 4428, 4438, 7062, 7092]	45483
[180, 4432, 4434, 4438, 7062]	45658
[184, 4426, 4428, 4432, 4438]	45298
[184, 4426, 4428, 4434, 4438]	45329
[184, 4426, 4428, 4438, 7062]	46052
[184, 4426, 4434, 4438, 7062]	45361
[184, 4428, 4432, 4434, 4438]	45294
[184, 4428, 4432, 4438, 7062]	45771
[184, 4428, 4434, 4438, 7062]	45800
[184, 4428, 4438, 4940, 7062]	45576
[184, 4428, 4438, 7062, 7092]	45483
[184, 4432, 4434, 4438, 7062]	45658
[4426, 4428, 4432, 4434, 4438]	45204
[4426, 4428, 4432, 4438, 7062]	45683
[4426, 4428, 4434, 4438, 7062]	45710
[4426, 4428, 4438, 4940, 7062]	45482
[4428, 4432, 4434, 4438, 7062]	45702
[170, 180, 184, 4426, 4428, 4438]	46121
[170, 180, 184, 4426, 4428, 7062]	45818
[170, 180, 184, 4426, 4432, 4438]	45340
[170, 180, 184, 4426, 4434, 4438]	45416
[170, 180, 184, 4426, 4438, 4940]	45255
[170, 180, 184, 4426, 4438, 7062]	46154
[170, 180, 184, 4428, 4432, 4438]	45813
[170, 180, 184, 4428, 4432, 7062]	45525
[170, 180, 184, 4428, 4434, 4438]	45848
[170, 180, 184, 4428, 4434, 7062]	45548
[170, 180, 184, 4428, 4438, 4940]	45655
[170, 180, 184, 4428, 4438, 7062]	46567
[170, 180, 184, 4428, 4438, 7092]	45548
[170, 180, 184, 4428, 4940, 7062]	45355
[170, 180, 184, 4432, 4434, 4438]	45689
[170, 180, 184, 4432, 4434, 7062]	45405
[170, 180, 184, 4432, 4438, 4940]	45240
[170, 180, 184, 4432, 4438, 7062]	46160
[170, 180, 184, 4434, 4438, 4940]	45341
[170, 180, 184, 4434, 4438, 7062]	46270
[170, 180, 184, 4434, 4438, 7092]	45239
[170, 180, 184, 4436, 4438, 7062]	45489
[170, 180, 184, 4438, 4940, 7062]	46063
[170, 180, 184, 4438, 7062, 7092]	45967
[170, 180, 4426, 4428, 4438, 7062]	45719
[170, 180, 4428, 4432, 4438, 7062]	45434
[170, 180, 4428, 4434, 4438, 7062]	45465
[170, 180, 4432, 4434, 4438, 7062]	45323
[170, 184, 4426, 4428, 4438, 7062]	45719
[170, 184, 4428, 4432, 4438, 7062]	45434
[170, 184, 4428, 4434, 4438, 7062]	45465
[170, 184, 4432, 4434, 4438, 7062]	45323
[180, 184, 4426, 4428, 4432, 4438]	45298
[180, 184, 4426, 4428, 4434, 4438]	45329
[180, 184, 4426, 4428, 4438, 7062]	46052
[180, 184, 4426, 4434, 4438, 7062]	45361
[180, 184, 4428, 4432, 4434, 4438]	45294
[180, 184, 4428, 4432, 4438, 7062]	45771
[180, 184, 4428, 4434, 4438, 7062]	45800
[180, 184, 4428, 4438, 4940, 7062]	45576
[180, 184, 4428, 4438, 7062, 7092]	45483
[180, 184, 4432, 4434, 4438, 7062]	45658
[170, 4428, 4432, 4434, 4438, 7062]	45243
[170, 180, 184, 4426, 4428, 4438, 7062]	45719
[170, 180, 184, 4428, 4432, 4438, 7062]	45434
[170, 180, 184, 4428, 4434, 4438, 7062]	45465
[170, 180, 184, 4432, 4434, 4438, 7062]	45323
